240.01
238.14
237.75
240
240.44
239.55
241.73
246.53
247.69
249.85
249.43
250.87
251.88
256.59
253.6
256.04
257.03
256.48
251.44
257.13
253.7
252.16
255.23
254.38
257.58
260.68
261.11
263.05
269.67
269.89
268.6
269.42
276.66
278.78
283.9
280.53
290.34
288.22
291.16
292.39
295.62
293.38
289.23
291.3
290.68
279.79
271.05
263.95
269.34
266.82
266.88
272.26
270.23
275.41
280.5
282.01
286.53
287.89
286.13
290.95
296.52
300
307.01
305.72
304.75
297.7
296.98
300.83
301.58
301.66
304.06
297.66
302.66
303.95
304.14
304.64
307.06
310.33
309.39
315.13
314.04
312.6
312.6
317.51
319.68
319.05
322.06
317.18
305.75
301.53
310.35
308.07
306.49
300.41
300.74
301.1
305.99
310.06
311.24
311.25
314.53
317.41
321.18
313.86
310.2
305.2
308.99
311.59
305.75
306.14
310.29
316.26
319.7
317.59
317.53
316.44
314.63
310.26
297.5
296.51
303.22
308.85
300.4
303.49
300.35
305.37
303.04
301.49
299.13
300.67
304.09
305.43
302.43
304.19
309.91
311.87
310.58
315.33
316.62
315.66
314.28
314.15
313.84
319.29
320.13
321.52
325.56
326.16
321.91
323.51
321.17
325.7
316.49
320.79
319.35
320.09
321.38
312.7
314.09
300.83
308.09
305.64
293.42
298.87
296.76
297.41
304.2
310.57
307.68
307.72
307.46
303.27
306.64
306.68
313.05
313.68
319.33
319.67
316.41
317.73
320.68
321.15
326.16
328.6
328.91
331.65
335.22
340.28
341.99
344.27
346.55
345.57
343.3
343.04
346.37
341.93
344.24
345.63
344.59
345.2
341.37
345.48
343.04
344.67
345.47
339.21
343.12
347.7
350.56
353.08
352.5
351.39
348.44
352.1
337.99
351.13
354.03
354.86
354.42
361.49
365.2
367.67
365.55
369.95
374.61
374.46
373.79
372.06
376.18
380.33
381.17
379.61
369.77
376.29
374.93
367.29
370.91
366.35
366.85
372.39
368.52
370.9
369.97
362.05
359
352.61
352.57
355.95
344.87
343.45
342.57
344.5
329.95
325.17
345.72
345
346.66
352.86
352.69
350.97
347.24
336.13
341.86
333.29
320.91
326.51
305.85
299.47
301.22
260.64
230.07
258.47
273.51
257.68
232.13
238.19
236.53
220.39
209.74
198.69
217.28
228.73
227.56
234.02
241.23
248.49
245.74
243.44
235.35
238.95
241.7
249.61
254.64
251.51
260.12
259.18
262.2
258.44
243.14
249.6
245.88
249.58
246.84
240.42
230.89
232.65
234.07
240.96
240.66
241.06
248.48
244.2
247.19
248.1
246.5
245.7
249.68
250.03
249.62
250.44
251.54
248.99
246.33
247.31
249.58
250.19
253.52
256.31
260.93
257.9
262.18
263.28
267.14
266.54
268.48
272.06
268.56
267.82
268.56
271.05
272.27
271.52
270.54
270.73
268.46
263.41
265.81
262.47
262.8
269.06
269.39
271.11
271.11
273.51
270.59
274.51
275.57
276.85
276.25
272.13
273.47
271.34
274.26
277.27
277.88
279.41
280.55
279.11
280.5
283.22
281.63
283.85
286.1
287.11
285.27
285.77
288.35
290.19
288.36
291.15
292.19
292.65
293.18
293.26
292.2
294.07
288.23
290.01
288.78
286.18
285.76
276.94
278.43
279.23
274.59
266.56
259.68
268.81
263.69
263.93
267.29
270.16
274.17
274.4
269.91
271.52
265.87
267.1
265.52
266.89
270.01
272.14
272.43
273.84
275.07
274.45
271.18
272.44
268.59
263.93
250.78
257.29
249.08
247.18
249.69
230.05
228.57
218.84
228.97
221.92
219.58
211.84
215.58
220.58
218.78
226.34
223.03
225.25
222.46
218.33
219.08
222.04
227.39
224.86
234.21
233.79
235.63
239.07
240.57
229.29
234.3
239.33
235.51
237.48
240.81
238.4
231.08
233.99
233.57
238.16
238.47
234.38
232.69
222.82
224.13
217.24
220.35
221.08
228.55
227.79
230.68
232.98
231.27
232.63
231.52
235.47
237.93
237.79
240.42
240.42
237.45
236.04
240.37
242.84
244.29
245.09
242.88
241.17
236.62
237.22
237.74
234.18
229.02
222.78
226.75
222.1
217.75
213.27
208.14
204.9
214.14
211.04
214.18
202.76
203.62
200.56
192
198.5
196.7
200.26
196.62
187.37
193.32
186.4
184.98
188.1
195.09
195.09
194.95
190.73
188.07
183.35
185.39
179.81
180.72
174.38
171.6
173.3
177.33
180.38
184.03
180.5
183.42
187.57
187.09
190.3
188.27
185.47
183.11
180.91
185.48
186.82
184.11
180.99
181.11
176.09
176.5
173.98
170.31
168.68
163.34
157.51
165.6
166.71
168.99
162.42
162.93
165.2
161.18
160.16
163.09
164.58
169.84
170.71
172.66
171.86
173.04
170.18
167.99
165.95
167.46
162.82
164.94
161.45
165.82
164.76
168.46
171.84
171.19
170.82
166.84
168.87
169.34
168.71
169.71
171.13
169.38
169.88
177.72
181.2
181.88
180.99
182.88
179.55
181.1
184.46
188.22
194.36
190.72
192.23
190.34
184.38
183.76
180.96
184.69
179.73
185.38
183.63
181.91
180.14
178.91
183.61
180.61
183.95
186.56
187.72
184.32
186
184.2
181.7
177.3
172.56
172.36
170.82
169.89
169.72
167.03
169.54
168.77
168.72
171.07
168.43
164.66
162.59
160.23
163.41
158.83
156.37
157.43
155.76
149.78
147.95
143.61
151.19
145.58
150.5
148.99
149.73
148.88
154.41
151.56
150.24
149.63
146.64
144.49
139.52
138.86
137.74
139.54
139.49
132.87
133.11
130.76
131.81
128.46
122.77
121.7
130.37
134.73
133.33
135.92
132.97
136.82
136.57
136.98
135.26
135.47
133.68
130.56
130.31
145.82
143.89
151.6
150.36
154.04
152.67
150.18
152.66
151.48
155.26
152.8
145.92
143.83
144.91
146.97
142.43
140.85
137.86
141.99
142.61
144.48
146.7
142.52
142.63
139.01
139.64
141.53
136.19
136.93
135.39
137.5
136.5
134.1
133.77
135.13
134.26
140.16
137.63
140.22
144.15
140.98
141.26
141.72
141.93
138.6
137.62
136.65
139.93
138.66
140.78
139.41
140.13
137.31
133.14
132.62
129.19
128.43
127.3
128.23
121.3
120.59
119.26
121.76
115.08
110.83
109.4
115.99
107.79
109.86
104.39
99.8
96.61
95.66
96.88
86.48
99.34
97.32
105.79
104.46
100.24
97.27
98.71
102.49
103.45
108.65
108.39
105.02
108.88
106.37
104.25
100.52
100.66
103.97
104.5
108.33
108.58
112.72
116.79
113.98
112.01
111.95
107.33
104.76
106.16
101.69
101.25
97.96
96.6
98.61
94.15
91.55
93.87
91.17
87.9
89.7
86.76
90.11
86.5
84.14
82.46
79.63
77.22
78.6
76.49
73.79
80.69
78.08
79.55
76.02
75.84
73.84
75.84
77.14
77.9
71.59
71.24
76.31
78.03
81.8
80.44
79.39
84.36
85.35
85.88
81.45
81.1
83.57
83.42
78.81
78.66
79.76
77.82
76.73
76.55
79.63
77.82
78.26
77.66
75
73.45
72.38
71.8
78.6
82.18
85.75
82.24
85.13
85.98
80.26
82.73
82.05
82.09
81.44
81.87
86.28
86.13
86.11
87.16
88.78
86.94
86.25
83.61
81.12
81.02
79.11
80.87
78.82
79.9
79.55
78.64
77.99
75.09
75.5
77.15
73.28
72.18
71.19
68.07
66.46
66.2
62.9
62.04
62.33
61.18
63.27
64.49
60.85
59.75
59.46
62.01
58.88
58.92
59.71
61.28
58.24
55.93
55.37
54.15
54.88
54.1
59.01
57.04
57.68
57.83
55.62
53.46
53.96
54.04
52.81
53.14
53.31
52.98
50.85
49.1
49.99
47.47
44.74
44.93
47.25
48.4
49.32
47.47
45.2
45.32
48.94
48.11
49
50.62
50.34
47.56
47.8
46.58
46.27
46.83
44.84
42.93
43.18
43.66
42.84
44.39
43.47
44.08
41.81
41.22
42.99
42.68
44.88
44.34
45.47
44.07
43.79
45.43
46.5
47.69
49.78
49.04
51.34
52.61
53.89
54.94
53.16
58.22
59.63
62.6
67.71
67.08
69.39
68.9
63.11
66.51
68.91
67.5
67.93
66.84
70.87
72.13
73.55
73.31
74.43
75.22
74.3
73.16
73.67
76.77
77.28
79.93
77.49
76.19
72.33
69.85
65.88
67.94
67.1
65.06
67.49
75.16
72.71
73.92
71.06
71.49