1/3/2005	10783.75	10892.67	10694.18	10729.43	1505900000	10729.43
1/4/2005	10727.81	10803.62	10587.48	10630.78	1720200000	10630.78
1/5/2005	10629.53	10736.16	10561.03	10597.83	1738900000	10597.83
1/6/2005	10593.19	10708.37	10555.48	10622.88	1569100000	10622.88
1/7/2005	10624.8	10697.81	10545.8	10603.96	1477900000	10603.96
1/10/2005	10603.44	10696.85	10544.99	10621.03	1490400000	10621.03
1/11/2005	10619.77	10632.63	10504.72	10556.22	1488800000	10556.22
1/12/2005	10561.32	10648.52	10481.37	10617.78	1562100000	10617.78
1/13/2005	10617.41	10650.96	10463.26	10505.83	1510300000	10505.83
1/14/2005	10506.71	10606.47	10475.01	10558	1335400000	10558
1/18/2005	10554.23	10665.44	10456.61	10628.79	1596800000	10628.79
1/19/2005	10626.05	10668.4	10519.2	10539.97	1498700000	10539.97
1/20/2005	10538.9	10582.09	10414.72	10471.47	1692000000	10471.47
1/21/2005	10471.98	10541.3	10370.97	10392.99	1643500000	10392.99
1/24/2005	10393.58	10491.71	10317.1	10368.61	1494600000	10368.61
1/25/2005	10369.42	10534.72	10369.42	10461.56	1610400000	10461.56
1/26/2005	10463.19	10571.66	10433.56	10498.59	1635900000	10498.59
1/27/2005	10498.14	10535.16	10379.47	10467.4	1600600000	10467.4
1/28/2005	10470.58	10520.61	10331.58	10427.2	1641800000	10427.2
1/31/2005	10428.76	10559.77	10414.49	10489.94	1679800000	10489.94
2/1/2005	10489.72	10609.73	10464.38	10551.94	1681980000	10551.94
2/2/2005	10551.05	10638.25	10501.02	10596.79	1561740000	10596.79
2/3/2005	10592.21	10640.69	10511.96	10593.1	1554460000	10593.1
2/4/2005	10593.17	10750.94	10553.93	10716.13	1648160000	10716.13
2/7/2005	10715.76	10774.8	10650.59	10715.76	1347270000	10715.76
2/8/2005	10712.51	10783.97	10647.85	10724.63	1416170000	10724.63
2/9/2005	10717.76	10781.38	10621.84	10664.11	1511040000	10664.11
2/10/2005	10665	10803.92	10633.67	10749.61	1491670000	10749.61
2/11/2005	10742.92	10865.69	10680.15	10796.01	1562300000	10796.01
2/14/2005	10795.72	10853.8	10722.63	10791.13	1290180000	10791.13
2/15/2005	10791.06	10886.31	10745.1	10837.32	1527080000	10837.32
2/16/2005	10832.03	10889.78	10746.21	10834.88	1490100000	10834.88
2/17/2005	10835.03	10873.6	10729.95	10754.26	1580120000	10754.26
2/18/2005	10755.15	10854.98	10682.29	10785.22	1551200000	10785.22
2/22/2005	10783.38	10806.36	10596.79	10611.2	1744940000	10611.2
2/23/2005	10609.28	10735.42	10583.64	10673.79	1501090000	10673.79
2/24/2005	10672.24	10779.39	10612.24	10748.79	1518750000	10748.79
2/25/2005	10748.42	10871.53	10698.32	10841.6	1523680000	10841.6
2/28/2005	10842.05	10877.07	10709.41	10766.23	1795480000	10766.23
3/1/2005	10794.98	10849.14	10769.04	10830	1708060000	10830
3/2/2005	10825.68	10896.66	10736.16	10811.97	1568540000	10811.97
3/3/2005	10812.27	10904.34	10744.14	10833.03	1616240000	10833.03
3/4/2005	10834.51	10996.93	10834.51	10940.55	1636820000	10940.55
3/7/2005	10940.55	11027.15	10886.09	10936.86	1488830000	10936.86
3/8/2005	10935.6	10996.56	10863.4	10912.62	1523090000	10912.62
3/9/2005	10912.32	10949.2	10768.66	10805.62	1704970000	10805.62
3/10/2005	10806.28	10907.45	10757.36	10851.51	1604020000	10851.51
3/11/2005	10845.3	10897.68	10728.62	10774.36	1449820000	10774.36
3/14/2005	10773.92	10859.12	10709.26	10804.51	1437430000	10804.51
3/15/2005	10804.29	10884.76	10716.87	10745.1	1513530000	10745.1
3/16/2005	10741.63	10764.16	10569.3	10633.07	1653190000	10633.07
3/17/2005	10633.3	10707.86	10561.1	10626.35	1581930000	10626.35
3/18/2005	10627.83	10709.85	10520.6	10629.67	2344370000	10629.67
3/21/2005	10629.9	10662.93	10503.46	10565.39	1819440000	10565.39
3/22/2005	10565.39	10651.41	10446.78	10470.51	2114470000	10470.51
3/23/2005	10470.58	10558.51	10384.34	10456.02	2246870000	10456.02
3/24/2005	10457.06	10554.6	10415.16	10442.87	1721720000	10442.87
3/28/2005	10444.13	10568.05	10412.79	10485.65	1746220000	10485.65
3/29/2005	10486.1	10565.46	10351.76	10405.7	2223250000	10405.7
3/30/2005	10405.77	10564.8	10395.21	10540.93	2097110000	10540.93
3/31/2005	10541.59	10586.15	10448.19	10503.76	2214230000	10503.76
4/1/2005	10504.57	10600.56	10349.02	10404.3	2168690000	10404.3
4/4/2005	10401.71	10496.44	10307.64	10421.14	2079770000	10421.14
4/5/2005	10421.14	10530.14	10372.59	10458.46	1870800000	10458.46
4/6/2005	10453.45	10557.18	10434.22	10486.02	1797400000	10486.02
4/7/2005	10485.88	10589.99	10434.3	10546.32	1900620000	10546.32
4/8/2005	10546.32	10584.6	10445.31	10461.34	1661330000	10461.34
4/11/2005	10462.08	10530.58	10393.36	10448.56	1525310000	10448.56
4/12/2005	10448.63	10552.6	10331.21	10507.97	1979830000	10507.97
4/13/2005	10507.45	10567.38	10355.16	10403.93	2049740000	10403.93
4/14/2005	10403.71	10457.06	10248.23	10278.75	2355040000	10278.75
4/15/2005	10276.61	10311.26	10059.36	10087.51	2689960000	10087.51
4/18/2005	10088.54	10183.5	9961.52	10071.25	2180670000	10071.25
4/19/2005	10071.55	10220.21	10021.08	10127.41	2142700000	10127.41
4/20/2005	10131.18	10232.34	9978.74	10012.36	2217050000	10012.36
4/21/2005	10010.51	10250.3	10010.51	10218.6	2308560000	10218.6
4/22/2005	10216.68	10266.48	10055.29	10157.71	2045880000	10157.71
4/25/2005	10158.52	10305.87	10148.25	10242.47	1795030000	10242.47
4/26/2005	10240.99	10298.85	10108.79	10151.13	1959740000	10151.13
4/27/2005	10150.32	10250.23	10048.27	10198.8	2151520000	10198.8
4/28/2005	10194.58	10229.09	10036.74	10070.37	2182270000	10070.37
4/29/2005	10073.47	10231.31	10021.23	10192.51	2362360000	10192.51
5/2/2005	10192	10309.86	10149.06	10251.7	1980040000	10251.7
5/3/2005	10251.04	10327.37	10169.39	10256.95	2167020000	10256.95
5/4/2005	10255.25	10412.2	10239.95	10384.64	2306480000	10384.64
5/5/2005	10384.49	10447.08	10276.75	10340.38	1997100000	10340.38
5/6/2005	10339.71	10454.4	10300.7	10345.4	1707200000	10345.4
5/9/2005	10345.4	10416.56	10288.95	10384.34	1857020000	10384.34
5/10/2005	10382.94	10389.96	10230.35	10281.11	1889660000	10281.11
5/11/2005	10272.91	10355.31	10172.86	10300.25	1834970000	10300.25
5/12/2005	10299.74	10357.37	10155.86	10189.48	1995290000	10189.48
5/13/2005	10188.23	10268.85	10062.76	10140.12	2188590000	10140.12
5/16/2005	10139.61	10274.39	10118.32	10252.29	1856860000	10252.29
5/17/2005	10247.49	10357.3	10175.81	10331.88	1887260000	10331.88
5/18/2005	10323.19	10518.17	10323.19	10464.45	2266320000	10464.45
5/19/2005	10464.45	10538.71	10394.39	10493.19	1775860000	10493.19
5/20/2005	10492.75	10535.24	10400.6	10471.91	1631750000	10471.91
5/23/2005	10472.8	10589.92	10438.36	10523.56	1681170000	10523.56
5/24/2005	10522.68	10550.24	10433.78	10503.68	1681000000	10503.68
5/25/2005	10503.17	10516.17	10396.46	10457.8	1742180000	10457.8
5/26/2005	10458.68	10581.87	10450.55	10537.6	1654110000	10537.6
5/27/2005	10537.08	10579.94	10489.35	10542.55	1381430000	10542.55
5/31/2005	10541.89	10574.92	10437.77	10467.48	1840680000	10467.48
6/1/2005	10462.86	10616.15	10433.48	10549.87	1810100000	10549.87
6/2/2005	10548.83	10590.07	10478.26	10553.49	1813790000	10553.49
6/3/2005	10552.82	10572.18	10427.35	10460.97	1627520000	10460.97
6/6/2005	10461.64	10519.79	10410.28	10467.03	1547120000	10467.03
6/7/2005	10466	10603.15	10454.18	10483.07	1851370000	10483.07
6/8/2005	10484.84	10575.81	10439.77	10476.86	1715490000	10476.86
6/9/2005	10477.75	10556.9	10410.8	10503.02	1824120000	10503.02
6/10/2005	10503.02	10581.13	10410.5	10512.63	1664180000	10512.63
6/13/2005	10503.57	10611.1	10437.32	10522.56	1661350000	10522.56
6/14/2005	10521.95	10617.01	10473.92	10547.57	1698150000	10547.57
6/15/2005	10548.65	10628.67	10471.69	10566.37	1840440000	10566.37
6/16/2005	10566.76	10632.2	10501.92	10578.65	1776040000	10578.65
6/17/2005	10580.41	10710.38	10561	10623.07	2407370000	10623.07
6/20/2005	10621.54	10656.66	10539.21	10609.1	1714530000	10609.1
6/21/2005	10608.88	10670.56	10545.89	10599.67	1720700000	10599.67
6/22/2005	10599.36	10676.24	10543.28	10587.93	1823250000	10587.93
6/23/2005	10587.09	10617.39	10401.49	10421.44	2029920000	10421.44
6/24/2005	10422.28	10452.82	10266.3	10297.83	2418800000	10297.83
6/27/2005	10298.07	10377.55	10229.4	10290.78	1738620000	10290.78
6/28/2005	10291.01	10434.18	10285.86	10405.63	1772410000	10405.63
6/29/2005	10405.94	10472.46	10332.52	10374.48	1769280000	10374.48
6/30/2005	10374.18	10458.19	10253.49	10274.97	2109490000	10274.97
7/1/2005	10273.59	10380.78	10239.91	10303.44	1593820000	10303.44
7/5/2005	10292.62	10388.91	10282.64	10371.8	1805820000	10371.8
7/6/2005	10366.52	10413.23	10242.21	10270.68	1883470000	10270.68
7/7/2005	10269.76	10337.84	10142.24	10302.29	1952440000	10302.29
7/8/2005	10302.9	10486.5	10279.65	10449.14	1900810000	10449.14
7/11/2005	10449.6	10570.67	10425.97	10519.72	1846300000	10519.72
7/12/2005	10519.49	10583.02	10444.46	10513.89	1932010000	10513.89
7/13/2005	10513.36	10596.98	10481.36	10557.39	1812500000	10557.39
7/14/2005	10559.86	10696.96	10559.86	10628.88	2048710000	10628.88
7/15/2005	10629.44	10698.07	10559.46	10640.83	1716400000	10640.83
7/18/2005	10640.19	10681.99	10533.59	10574.99	1582100000	10574.99
7/19/2005	10576.9	10718.69	10573	10646.56	2041280000	10646.56
7/20/2005	10629.52	10726.81	10535.1	10689.15	2063340000	10689.15
7/21/2005	10690.03	10735.33	10567.98	10627.77	2129840000	10627.77
7/22/2005	10624.19	10702.21	10552.54	10651.18	1766990000	10651.18
7/25/2005	10651.66	10709.69	10565.12	10596.48	1717580000	10596.48
7/26/2005	10597.6	10667.9	10535.58	10579.77	1934180000	10579.77
7/27/2005	10579.45	10689.31	10530.5	10637.09	1945800000	10637.09
7/28/2005	10633.5	10745.68	10603.49	10705.55	2001680000	10705.55
7/29/2005	10705.16	10754.6	10608.27	10640.91	1789600000	10640.91
8/1/2005	10641.78	10713.51	10578.97	10623.15	1716870000	10623.15
8/2/2005	10623.79	10729.6	10600.62	10683.74	2043120000	10683.74
8/3/2005	10681.51	10735.17	10600.02	10697.59	1999980000	10697.59
8/4/2005	10696.8	10709.77	10568.7	10610.1	1981220000	10610.1
8/5/2005	10610.34	10643.46	10512.49	10558.03	1930280000	10558.03
8/8/2005	10557.24	10635.65	10497.45	10536.93	1804140000	10536.93
8/9/2005	10537.65	10662.8	10537.01	10615.67	1897520000	10615.67
8/10/2005	10606.52	10746.87	10553.81	10594.41	2172320000	10594.41
8/11/2005	10591.83	10721.56	10549.43	10685.89	1941560000	10685.89
8/12/2005	10682.7	10688.68	10549.19	10600.3	1709300000	10600.3
8/15/2005	10599.19	10687.72	10532.48	10634.38	1562880000	10634.38
8/16/2005	10631.59	10650.14	10489.24	10513.45	1820410000	10513.45
8/17/2005	10505.6	10625.86	10472.45	10550.71	1859150000	10550.71
8/18/2005	10531.12	10592.34	10517.67	10554.92	1808170000	10554.92
8/19/2005	10552.7	10656.59	10503.9	10559.23	1558790000	10559.23
8/22/2005	10559.78	10669.81	10509.07	10569.89	1621330000	10569.89
8/23/2005	10571.01	10604.29	10475.63	10519.58	1678620000	10519.58
8/24/2005	10519.34	10584.3	10407.56	10434.87	1930800000	10434.87
8/25/2005	10434.39	10506.6	10391.71	10450.63	1571110000	10450.63
8/26/2005	10450.95	10480.01	10355.02	10397.29	1541090000	10397.29
8/29/2005	10396.9	10508.35	10321.42	10463.05	1599450000	10463.05
8/30/2005	10461.54	10476.83	10329.15	10412.82	1916470000	10412.82
8/31/2005	10415.84	10484.55	10357.65	10481.6	2365510000	10481.6
9/1/2005	10481.44	10557.47	10382.09	10459.63	2229860000	10459.63
9/2/2005	10460.67	10536.14	10400.88	10447.37	1640160000	10447.37
9/6/2005	10447.69	10621.96	10447.69	10589.24	1932090000	10589.24
9/7/2005	10588.68	10667.1	10534.23	10633.5	2067700000	10633.5
9/8/2005	10633.11	10670.6	10530.01	10595.93	1955380000	10595.93
9/9/2005	10594.1	10727.53	10573.47	10678.56	1992560000	10678.56
9/12/2005	10678.41	10743.77	10618.13	10682.94	1938050000	10682.94
9/13/2005	10673.71	10701.57	10561.61	10597.44	2082360000	10597.44
9/14/2005	10545.85	10627.85	10488.05	10558.75	1986750000	10558.75
9/15/2005	10545.85	10627.85	10488.05	10558.75	2079340000	10558.75
9/16/2005	10560.5	10696.24	10539.64	10641.94	3152470000	10641.94
9/19/2005	10641.87	10656.75	10497.29	10557.63	2076540000	10557.63
9/20/2005	10558.19	10642.26	10453.98	10481.52	2319250000	10481.52
9/21/2005	10484.23	10512.02	10335.28	10378.03	2548150000	10378.03
9/22/2005	10376.2	10489.64	10303.51	10422.05	2424720000	10422.05
9/23/2005	10421.81	10494.42	10328.59	10419.59	1973020000	10419.59
9/26/2005	10420.22	10544.98	10381.53	10443.63	2022220000	10443.63
9/27/2005	10444.58	10534.31	10376.83	10456.21	1976270000	10456.21
9/28/2005	10456.61	10560.02	10390.05	10473.08	2106980000	10473.08
9/29/2005	10472.61	10583.43	10389.01	10552.78	2176120000	10552.78
9/30/2005	10540.51	10569.81	10526.34	10568.7	2097520000	10568.7
10/3/2005	10569.5	10637	10486.17	10535.48	2097490000	10535.48
10/4/2005	10534.36	10618.41	10409.89	10441.11	2341420000	10441.11
10/5/2005	10434.81	10477.21	10299.27	10317.36	2546780000	10317.36
10/6/2005	10317.36	10425.98	10200.81	10287.1	2792030000	10287.1
10/7/2005	10287.42	10387.48	10221.47	10292.31	2126080000	10292.31
10/10/2005	10292.95	10378.19	10184.09	10238.76	2195990000	10238.76
10/11/2005	10239.16	10361.15	10195.13	10253.17	2299040000	10253.17
10/12/2005	10247.4	10308.23	10186.17	10216.9	2491280000	10216.9
10/13/2005	10216.91	10309.2	10098.18	10216.59	2351150000	10216.59
10/14/2005	10216.59	10327.21	10165.12	10287.34	2188940000	10287.34
10/17/2005	10287.42	10419.58	10213.06	10348.1	2054570000	10348.1
10/18/2005	10349.14	10412.85	10233.47	10285.26	2197010000	10285.26
10/19/2005	10277.18	10444.15	10173.52	10414.13	2703590000	10414.13
10/20/2005	10411.73	10483.21	10230.27	10281.1	2617250000	10281.1
10/21/2005	10282.22	10354.02	10161.6	10215.22	2470920000	10215.22
10/24/2005	10219.15	10411.57	10219.15	10385	2197790000	10385
10/25/2005	10383.88	10457.52	10282.78	10377.87	2312470000	10377.87
10/26/2005	10377.39	10474.18	10283.1	10344.98	2467750000	10344.98
10/27/2005	10334.81	10348.66	10229.95	10229.95	2395370000	10229.95
10/28/2005	10231.15	10433.51	10213.14	10402.77	2379400000	10402.77
10/31/2005	10403.17	10539.16	10372.67	10440.07	2567470000	10440.07
11/1/2005	10437.51	10510.03	10352.42	10406.77	2457850000	10406.77
11/2/2005	10406.29	10527.32	10347.7	10472.73	2648090000	10472.73
11/3/2005	10470.49	10613.84	10421.98	10522.59	2716630000	10522.59
11/4/2005	10523.23	10593.51	10441.59	10530.76	2050510000	10530.76
11/7/2005	10531.24	10632.34	10488.74	10586.23	1987580000	10586.23
11/8/2005	10574.18	10606.8	10478.49	10539.72	1965050000	10539.72
11/9/2005	10539.24	10637.78	10466.24	10546.21	2214460000	10546.21
11/10/2005	10550.61	10655.22	10519.71	10640.1	2378460000	10640.1
11/11/2005	10641.3	10725.99	10595.89	10686.04	1773140000	10686.04
11/14/2005	10686.6	10756.88	10618.89	10697.17	1899780000	10697.17
11/15/2005	10697.01	10783.62	10610.08	10686.44	2359370000	10686.44
11/16/2005	10697.81	10710.78	10653.14	10674.76	2121580000	10674.76
11/17/2005	10677	10778.5	10619.61	10720.22	2298040000	10720.22
11/18/2005	10719.34	10865.58	10663.79	10766.33	2453290000	10766.33
11/21/2005	10766.33	10871.11	10708.86	10820.28	2117350000	10820.28
11/22/2005	10815.96	10907.77	10729.99	10871.43	2291420000	10871.43
11/23/2005	10865.9	10950.59	10855.42	10916.09	1985400000	10916.09
11/25/2005	10915.13	10997.5	10883.55	10931.62	724940000	10931.62
11/28/2005	10932.74	10992.39	10839.37	10890.72	2016900000	10890.72
11/29/2005	10888.48	10994.85	10850.29	10888.16	2268340000	10888.16
11/30/2005	10883.91	10959.8	10789.38	10805.87	2374690000	10805.87
12/1/2005	10806.03	10969.97	10806.03	10912.57	2614830000	10912.57
12/2/2005	10912.01	10952.83	10818.36	10877.51	2125580000	10877.51
12/5/2005	10876.95	10923.37	10766.57	10835.01	2325840000	10835.01
12/6/2005	10835.41	10956.13	10809.15	10856.86	2110740000	10856.86
12/7/2005	10856.86	10916.89	10737.27	10810.91	2093830000	10810.91
12/8/2005	10808.43	10871.11	10705.17	10755.12	2178300000	10755.12
12/9/2005	10751.76	10845.33	10694.05	10778.58	1896290000	10778.58
12/12/2005	10778.66	10857.02	10707.18	10767.77	1876550000	10767.77
12/13/2005	10765.69	10902.64	10694.29	10823.72	2390020000	10823.72
12/14/2005	10821.32	10953.07	10786.34	10883.51	2145520000	10883.51
12/15/2005	10883.43	10985.01	10803.55	10881.67	2180590000	10881.67
12/16/2005	10881.67	10978.21	10830.84	10875.59	2584190000	10875.59
12/19/2005	10875.51	10970.04	10781.7	10836.53	2208810000	10836.53
12/20/2005	10836.93	10905.28	10754.56	10805.55	1996690000	10805.55
12/21/2005	10805.63	10933.7	10776.01	10833.73	2065170000	10833.73
12/22/2005	10831.56	10928.34	10785.93	10889.44	1888500000	10889.44
12/23/2005	10901.68	10904.4	10869.98	10883.27	1285810000	10883.27
12/27/2005	10883.75	10956.99	10754.16	10777.77	1540470000	10777.77
12/28/2005	10778.25	10858.07	10750.4	10796.26	1422360000	10796.26
12/29/2005	10795.7	10870.71	10747.76	10784.82	1382540000	10784.82
12/30/2005	10783.86	10801.87	10675.64	10717.5	1443500000	10717.5
1/3/2006	10718.3	10888.4	10650.18	10847.41	2554570000	10847.41
1/4/2006	10843.97	10946.27	10772.89	10880.15	2515330000	10880.15
1/5/2006	10880.39	10951.39	10797.55	10882.15	2433340000	10882.15
1/6/2006	10875.45	11005.98	10846.21	10959.31	2446560000	10959.31
1/9/2006	10959.47	11053.93	10906.33	11011.9	2301490000	11011.9
1/10/2006	11010.46	11054.49	10902.96	11011.58	2373080000	11011.58
1/11/2006	11011.66	11099.15	10939.86	11043.44	2406130000	11043.44
1/12/2006	11043.12	11070.1	10918.09	10962.36	2318350000	10962.36
1/13/2006	10961.48	11033.04	10888.88	10959.87	2206510000	10959.87
1/17/2006	10957.55	10977.01	10841.17	10896.32	2179970000	10896.32
1/18/2006	10890.08	10934.9	10778.33	10854.86	2233200000	10854.86
1/19/2006	10855.18	10965	10796.66	10880.71	2444020000	10880.71
1/20/2006	10880.71	10890.08	10637.21	10667.39	2845810000	10667.39
1/23/2006	10668.75	10783.7	10607.36	10688.77	2256070000	10688.77
1/24/2006	10690.21	10804.75	10624.49	10712.22	2608720000	10712.22
1/25/2006	10713.26	10832.93	10615.2	10709.74	2617060000	10709.74
1/26/2006	10768.17	10827.96	10709.73	10809.47	2856780000	10809.47
1/27/2006	10815.32	10988.29	10766.01	10907.21	2623620000	10907.21
1/30/2006	10913.13	10930.34	10887.67	10899.92	2282730000	10899.92
1/31/2006	10900.4	10970.28	10807.55	10864.86	2708310000	10864.86
2/1/2006	10862.14	11001.82	10815.39	10953.95	2589410000	10953.95
2/2/2006	10950.11	10987.73	10800.35	10851.98	2565300000	10851.98
2/3/2006	10849.57	10905.28	10725.35	10793.62	2282210000	10793.62
2/6/2006	10793.3	10868.62	10725.91	10798.27	2132360000	10798.27
2/7/2006	10796.42	10874.79	10691.97	10749.76	2366370000	10749.76
2/8/2006	10742.16	10897.44	10712.3	10858.62	2456860000	10858.62
2/9/2006	10859.42	11003.5	10800.91	10883.35	2441920000	10883.35
2/10/2006	10883.51	10972.76	10787.62	10919.05	2290050000	10919.05
2/13/2006	10915.21	10982.93	10824.6	10892.32	1850080000	10892.32
2/14/2006	10890.72	11071.54	10873.62	11028.39	2437940000	11028.39
2/15/2006	11025.67	11115.56	10940.18	11058.97	2317590000	11058.97
2/16/2006	11059.05	11154.14	10997.66	11120.68	2251490000	11120.68
2/17/2006	11119.56	11178.8	11035.44	11115.32	2128260000	11115.32
2/21/2006	11115.48	11182.68	11011.18	11069.06	2104320000	11069.06
2/22/2006	11086.98	11159.02	11064.25	11137.17	2222380000	11137.17
2/23/2006	11133.52	11167.83	11017.27	11069.22	2144210000	11069.22
2/24/2006	11068.33	11085.38	11010.46	11061.85	1933010000	11061.85
2/27/2006	11062.81	11180.48	11038.72	11097.55	1975320000	11097.55
2/28/2006	11096.75	11115.24	10947.07	10993.41	2370860000	10993.41
3/1/2006	10993.25	11115.8	10960.6	11053.53	2308320000	11053.53
3/2/2006	11052.57	11090.91	10951.71	11025.51	2494590000	11025.51
3/3/2006	11024.23	11125.01	10942.99	11021.59	2152950000	11021.59
3/6/2006	11022.47	11084.66	10899.76	10958.59	2280190000	10958.59
3/7/2006	10957.31	11032.31	10885.35	10980.69	2268050000	10980.69
3/8/2006	10977.08	11065.61	10885.99	11005.74	2442870000	11005.74
3/9/2006	11005.66	11093.39	10923.86	10972.28	2140110000	10972.28
3/10/2006	10972.92	11125.41	10948.43	11076.34	2123450000	11076.34
3/13/2006	11067.61	11157.82	11019.75	11076.02	2070330000	11076.02
3/14/2006	11076.02	11190.96	11030.23	11151.34	2165270000	11151.34
3/15/2006	11149.76	11258.28	11097.23	11209.77	2293000000	11209.77
3/16/2006	11210.97	11324.8	11176.07	11253.24	2292180000	11253.24
3/17/2006	11294.94	11294.94	11253.23	11279.65	2549620000	11279.65
3/20/2006	11278.93	11350.73	11208.33	11274.53	1976830000	11274.53
3/21/2006	11275.89	11364.34	11188.56	11235.47	2147370000	11235.47
3/22/2006	11234.51	11358.01	11200.22	11317.43	2039810000	11317.43
3/23/2006	11317.35	11363.46	11207.85	11270.29	1980940000	11270.29
3/24/2006	11270.61	11353.21	11197.21	11279.97	2326070000	11279.97
3/27/2006	11280.13	11314.96	11194.07	11250.11	2029700000	11250.11
3/28/2006	11250.11	11312.31	11132.05	11154.54	2148580000	11154.54
3/29/2006	11154.94	11283.97	11117.48	11215.7	2143540000	11215.7
3/30/2006	11195.36	11259.08	11118.12	11150.7	2294560000	11150.7
3/31/2006	11151.34	11229.47	11069.78	11109.32	2236710000	11109.32
4/3/2006	11113	11287.02	11101.07	11144.94	2494080000	11144.94
4/4/2006	11142.54	11269.17	11094.03	11203.85	2147660000	11203.85
4/5/2006	11203.21	11290.3	11141.82	11239.55	2420020000	11239.55
4/6/2006	11233.01	11294.3	11137.57	11216.5	2281680000	11216.5
4/7/2006	11228.1	11268.92	11108.75	11120.04	2082470000	11120.04
4/10/2006	11119.88	11211.37	11083.06	11141.33	1898320000	11141.33
4/11/2006	11141.33	11220.98	11017.99	11089.63	2232880000	11089.63
4/12/2006	11089.47	11194	11052.17	11129.97	1938100000	11129.97
4/13/2006	11130.13	11210.73	11053.29	11137.65	1891940000	11137.65
4/17/2006	11137.33	11203.13	11017.43	11073.78	1794650000	11073.78
4/18/2006	11074.58	11302.3	11064.01	11268.77	2595440000	11268.77
4/19/2006	11265.4	11379.79	11181.84	11278.77	2447310000	11278.77
4/20/2006	11278.53	11429.25	11221.3	11342.89	2512920000	11342.89
4/21/2006	11343.45	11468.16	11272.61	11347.45	2392630000	11347.45
4/24/2006	11346.81	11420.05	11246.35	11336.32	2117330000	11336.32
4/25/2006	11336.56	11401.32	11213.05	11283.25	2366380000	11283.25
4/26/2006	11283.25	11428.77	11256.12	11354.49	2502690000	11354.49
4/27/2006	11349.53	11465.75	11220.74	11382.51	2772010000	11382.51
4/28/2006	11358.33	11462.95	11278.13	11367.14	2419920000	11367.14
5/1/2006	11367.78	11476.96	11304.3	11343.29	2437040000	11343.29
5/2/2006	11372.74	11427.43	11343.28	11416.44	2403470000	11416.44
5/3/2006	11414.69	11472.96	11308.55	11400.28	2395230000	11400.28
5/4/2006	11401.8	11512.18	11366.82	11438.86	2431450000	11438.86
5/5/2006	11440.62	11616.16	11440.62	11577.74	2294760000	11577.74
5/8/2006	11576.37	11665.14	11504.09	11584.54	2151300000	11584.54
5/9/2006	11584.62	11684.28	11535.71	11639.77	2157290000	11639.77
5/10/2006	11630.48	11709.09	11545.64	11642.65	2268550000	11642.65
5/11/2006	11639.29	11660.58	11449.74	11500.73	2531520000	11500.73
5/12/2006	11500.01	11551.4	11336.96	11380.99	2567970000	11380.99
5/15/2006	11380.43	11485.61	11273.65	11428.77	2505660000	11428.77
5/16/2006	11428.21	11520.42	11334.64	11419.89	2386210000	11419.89
5/17/2006	11410.13	11412.28	11139.17	11205.61	2830200000	11205.61
5/18/2006	11206.17	11301.26	11096.35	11128.29	2537490000	11128.29
5/19/2006	11124.37	11254.6	11009.98	11144.06	2982300000	11144.06
5/22/2006	11092.9	11175.03	11040.16	11125.32	2773010000	11125.32
5/23/2006	11126.29	11254.68	11068.49	11098.35	2605250000	11098.35
5/24/2006	11100.11	11241.15	10980.29	11117.32	2999030000	11117.32
5/25/2006	11114.96	11258.12	11089.55	11211.05	2372730000	11211.05
5/26/2006	11211.69	11329.36	11177.43	11278.61	1814020000	11278.61
5/30/2006	11277.25	11277.25	11071.7	11094.43	2176190000	11094.43
5/31/2006	11091.15	11225.78	11050.4	11168.31	2692160000	11168.31
6/1/2006	11169.03	11290.86	11115.4	11260.28	2360160000	11260.28
6/2/2006	11260.52	11329.28	11158.06	11247.87	2295540000	11247.87
6/5/2006	11247.55	11259.96	11025.75	11048.72	2313470000	11048.72
6/6/2006	11048.24	11140.45	10890.24	11002.14	2697650000	11002.14
6/7/2006	11002.06	11107.48	10897.76	10930.9	2644170000	10930.9
6/8/2006	10929.7	11032.15	10726.15	10938.82	3543790000	10938.82
6/9/2006	10939.14	11015.67	10842.89	10891.92	2214000000	10891.92
6/12/2006	10892	10969.32	10767.61	10792.58	2247010000	10792.58
6/13/2006	10783.14	10893.04	10653.23	10706.14	3215770000	10706.14
6/14/2006	10713.1	10816.99	10699.25	10816.91	2667990000	10816.91
6/15/2006	10817.48	11049.85	10788.34	11015.19	2775480000	11015.19
6/16/2006	11009.1	11045.04	10984.29	11014.54	2783390000	11014.54
6/19/2006	11014.87	11098.99	10886.63	10942.11	2517200000	10942.11
6/20/2006	10942.03	11066.73	10895.28	10974.84	2232950000	10974.84
6/21/2006	10975.24	11165.91	10952.43	11079.46	2361230000	11079.46
6/22/2006	11077.78	11127.73	10954.83	11019.11	2148180000	11019.11
6/23/2006	11019.19	11098.67	10932.82	10989.09	2017270000	10989.09
6/26/2006	10990.29	11089.07	10937.06	11045.28	1878580000	11045.28
6/27/2006	11048.24	11064.09	10920.73	10924.74	2203130000	10924.74
6/28/2006	10925.3	11026.07	10869.02	10973.56	2085490000	10973.56
6/29/2006	10974.36	11225.06	10974.36	11190.8	2621250000	11190.8
6/30/2006	11190.8	11288.86	11100.11	11150.22	3049560000	11150.22
7/3/2006	11149.34	11277.09	11146.06	11228.02	1114470000	11228.02
7/5/2006	11225.06	11239.47	11083.94	11151.82	2165070000	11151.82
7/6/2006	11147.12	11301.58	11117.16	11225.3	2009160000	11225.3
7/7/2006	11224.18	11227.62	11040.32	11090.67	1988150000	11090.67
7/10/2006	11130.53	11174.47	11090.1	11103.55	1854590000	11103.55
7/11/2006	11102.59	11186.32	10987.33	11134.77	2310850000	11134.77
7/12/2006	11133.97	11181.12	10973.37	11013.18	2250450000	11013.18
7/13/2006	11012.62	11015.19	10790.82	10846.29	2545760000	10846.29
7/14/2006	10846.53	10892.64	10664.43	10739.35	2467120000	10739.35
7/17/2006	10739.35	10858.22	10668.35	10747.36	2146410000	10747.36
7/18/2006	10745.84	10867.02	10658.35	10799.23	2481750000	10799.23
7/19/2006	10854.22	11038.16	10796.74	11011.42	2701980000	11011.42
7/20/2006	11007.26	11098.75	10884.47	10928.1	2345580000	10928.1
7/21/2006	10937.94	10995.73	10778.58	10868.38	2704090000	10868.38
7/24/2006	10868.7	11096.35	10868.7	11051.05	2312720000	11051.05
7/25/2006	11037.59	11133.73	11000.05	11103.71	2563930000	11103.71
7/26/2006	11102.91	11208.09	10987.41	11102.51	2667710000	11102.51
7/27/2006	11104.19	11245.47	11040.8	11100.43	2776710000	11100.43
7/28/2006	11102.11	11282.05	11102.11	11219.7	2480420000	11219.7
7/31/2006	11218.9	11265.8	11115.24	11185.68	2461300000	11185.68
8/1/2006	11184.8	11210.65	11035.92	11125.73	2527690000	11125.73
8/2/2006	11167.91	11228.98	11124.52	11199.92	2610750000	11199.92
8/3/2006	11195.28	11304.78	11101.55	11242.59	2728440000	11242.59
8/4/2006	11244.59	11367.94	11165.11	11240.35	2530970000	11240.35
8/7/2006	11239.47	11294.14	11143.02	11219.38	2045660000	11219.38
8/8/2006	11218.18	11319.51	11117.8	11173.59	2457840000	11173.59
8/9/2006	11168.47	11296.22	11044.64	11076.18	2555180000	11076.18
8/10/2006	11073.14	11176.47	10998.06	11124.37	2402190000	11124.37
8/11/2006	11103.55	11121.4	11042.88	11088.02	2004540000	11088.02
8/14/2006	11089.07	11242.83	11049.68	11097.87	2118020000	11097.87
8/15/2006	11098.03	11271.25	11098.03	11230.26	2334100000	11230.26
8/16/2006	11224.91	11373.78	11207.85	11327.12	2554570000	11327.12
8/17/2006	11321.19	11372.34	11298.54	11334.96	2458340000	11334.96
8/18/2006	11333.76	11437.66	11273.49	11381.47	2033910000	11381.47
8/21/2006	11353.29	11381.46	11322.31	11345.04	1759240000	11345.04
8/22/2006	11344.41	11426.13	11279.25	11339.84	1908740000	11339.84
8/23/2006	11337.12	11394.75	11238.67	11297.9	1893670000	11297.9
8/24/2006	11297.82	11386.59	11232.83	11304.46	1930320000	11304.46
8/25/2006	11301.22	11350.09	11218.66	11284.05	1667580000	11284.05
8/28/2006	11285.33	11411.24	11240.91	11352.01	1834920000	11352.01
8/29/2006	11352.65	11432.38	11255.88	11369.94	2093720000	11369.94
8/30/2006	11365.98	11452.95	11309.99	11382.91	2060690000	11382.91
8/31/2006	11383.47	11451.03	11326.8	11381.15	1974540000	11381.15
9/1/2006	11427.41	11476.4	11381.14	11464.15	1800520000	11464.15
9/5/2006	11461.83	11533.87	11385.95	11469.28	2114480000	11469.28
9/6/2006	11421.33	11469.27	11395.15	11406.2	2329870000	11406.2
9/7/2006	11405.16	11443.66	11273.89	11331.44	2325850000	11331.44
9/8/2006	11332.24	11448.3	11295.18	11392.11	2132890000	11392.11
9/11/2006	11389.87	11468.88	11295.9	11396.84	2506430000	11396.84
9/12/2006	11412.52	11512.74	11396.83	11498.09	2791580000	11498.09
9/13/2006	11487.69	11605.59	11423.73	11543.32	2597220000	11543.32
9/14/2006	11508.82	11548.84	11495.77	11527.39	2351220000	11527.39
9/15/2006	11528.75	11661.38	11504.57	11560.77	3198030000	11560.77
9/18/2006	11538.35	11588.22	11528.43	11555	2325080000	11555
9/19/2006	11554.6	11605.67	11450.3	11540.91	2390850000	11540.91
9/20/2006	11542.28	11680.19	11514.5	11613.19	2543070000	11613.19
9/21/2006	11611.67	11677.39	11471.76	11533.23	2627440000	11533.23
9/22/2006	11532.91	11588.62	11423.57	11508.1	2162880000	11508.1
9/25/2006	11536.67	11616.23	11486	11575.81	2710240000	11575.81
9/26/2006	11575.73	11723.74	11517.54	11669.39	2673350000	11669.39
9/27/2006	11670.19	11775.6	11595.75	11689.24	2749190000	11689.24
9/28/2006	11689.4	11775.36	11625.92	11718.45	2397820000	11718.45
9/29/2006	11718.05	11782.49	11642.17	11679.07	2273430000	11679.07
10/2/2006	11678.99	11773.6	11608.79	11670.35	2154480000	11670.35
10/3/2006	11670.11	11794.41	11608.23	11727.34	2682690000	11727.34
10/4/2006	11722.94	11879.18	11654.02	11850.61	3019880000	11850.61
10/5/2006	11832.51	11869.33	11821.55	11866.69	2817240000	11866.69
10/6/2006	11865.49	11921.04	11743.35	11850.21	2523000000	11850.21
10/9/2006	11849.56	11923.53	11759.36	11857.81	1935170000	11857.81
10/10/2006	11857.73	11930.33	11778.09	11867.17	2376140000	11867.17
10/11/2006	11865.49	11907.6	11762.72	11852.13	2521000000	11852.13
10/12/2006	11896.63	11959.14	11852.12	11947.7	2514350000	11947.7
10/13/2006	11947.22	12009.97	11862.29	11960.51	2482920000	11960.51
10/16/2006	11957.7	11996.92	11945.7	11980.59	2305920000	11980.59
10/17/2006	11977.4	12024.54	11849.16	11950.02	2519620000	11950.02
10/18/2006	11947.62	12108.91	11900.79	11992.68	2658840000	11992.68
10/19/2006	11988.92	12082.33	11911.44	12011.73	2619830000	12011.73
10/20/2006	12013.01	12087.38	11881.34	12002.37	2526410000	12002.37
10/23/2006	12001.33	12177.35	11940.41	12116.91	2480430000	12116.91
10/24/2006	12116.51	12204.8	12028.14	12127.88	2876890000	12127.88
10/25/2006	12127.24	12212.16	12017.66	12134.68	2953540000	12134.68
10/26/2006	12134.84	12236.1	12037.99	12163.66	2793350000	12163.66
10/27/2006	12164.78	12202.72	12024.78	12090.26	2458450000	12090.26
10/30/2006	12074.01	12117.07	12050.23	12086.49	2770440000	12086.49
10/31/2006	12086.18	12160.46	11986.84	12080.73	2803030000	12080.73
11/1/2006	12080.25	12160.7	11972.99	12031.02	2821160000	12031.02
11/2/2006	12023.98	12070.25	11938.89	12018.54	2646180000	12018.54
11/3/2006	12018.3	12095.3	11928.97	11986.04	2419730000	11986.04
11/6/2006	11985.16	12146.45	11973.23	12105.55	2533550000	12105.55
11/7/2006	12104.75	12239.94	12065.2	12156.77	2636390000	12156.77
11/8/2006	12147.38	12233.54	12051.6	12176.54	2814820000	12176.54
11/9/2006	12174.7	12236.1	12039.59	12103.3	3012050000	12103.3
11/10/2006	12102.74	12173.08	12074.01	12108.43	2290200000	12108.43
11/13/2006	12084.89	12164.22	12084.89	12131.88	2386340000	12131.88
11/14/2006	12132.44	12261.15	12051.68	12218.01	3027480000	12218.01
11/15/2006	12214.37	12326.07	12156.37	12251.71	2831130000	12251.71
11/16/2006	12250.05	12375.37	12204	12305.82	2835730000	12305.82
11/17/2006	12293.49	12342.55	12278.2	12342.55	2726100000	12342.55
11/20/2006	12340.71	12400.1	12257.34	12316.54	2546710000	12316.54
11/21/2006	12312.13	12409.31	12233.94	12321.59	2597940000	12321.59
11/22/2006	12321.91	12403.54	12238.43	12326.95	2237710000	12326.95
11/24/2006	12321.71	12340.89	12219.28	12280.17	832550000	12280.17
11/27/2006	12279.13	12303.32	12079.01	12121.71	2711210000	12121.71
11/28/2006	12095.27	12148.78	12073.4	12136.44	2639750000	12136.44
11/29/2006	12134.4	12283.05	12119.7	12226.73	2790970000	12226.73
11/30/2006	12226.73	12317.1	12118.42	12221.93	4006230000	12221.93
12/1/2006	12220.97	12289.3	12070.52	12194.13	2800980000	12194.13
12/4/2006	12195.57	12349.87	12149.27	12283.85	2766320000	12283.85
12/5/2006	12283.69	12398.57	12218.24	12331.6	2755700000	12331.6
12/6/2006	12328.72	12390.88	12239.95	12309.25	2725280000	12309.25
12/7/2006	12310.13	12396.33	12233.06	12278.41	2743150000	12278.41
12/8/2006	12256.21	12332.16	12243.31	12307.48	2440460000	12307.48
12/11/2006	12306.21	12399.54	12245.32	12328.48	2289900000	12328.48
12/12/2006	12328.24	12396.01	12222.65	12315.58	2738170000	12315.58
12/13/2006	12312.71	12411.55	12263.19	12317.5	2552260000	12317.5
12/14/2006	12317.5	12472.76	12271.44	12416.76	2729700000	12416.76
12/15/2006	12417.96	12536.37	12377.35	12445.52	3229580000	12445.52
12/18/2006	12446.24	12545.74	12372.3	12441.27	2568140000	12441.27
12/19/2006	12439.51	12517.78	12348.5	12471.32	2717060000	12471.32
12/20/2006	12471.32	12549.35	12393.45	12463.87	2387630000	12463.87
12/21/2006	12461.62	12526.59	12369.97	12421.25	2322410000	12421.25
12/22/2006	12407.87	12417.96	12341.77	12343.21	1647590000	12343.21
12/26/2006	12341.94	12439.19	12301.4	12407.63	1310310000	12407.63
12/27/2006	12463.46	12518.34	12407.62	12510.57	1667370000	12510.57
12/28/2006	12510.57	12566.17	12440.23	12501.52	1508570000	12501.52
12/29/2006	12500.48	12560.16	12423.81	12463.15	1678200000	12463.15
1/3/2007	12459.54	12630.34	12373.82	12474.52	3429160000	12474.52
1/4/2007	12467.32	12510.26	12405.47	12480.69	3004460000	12480.69
1/5/2007	12480.05	12504.4	12326.79	12398.01	2919400000	12398.01
1/8/2007	12393.93	12445.37	12337.53	12423.49	2763340000	12423.49
1/9/2007	12424.77	12516.66	12337.85	12416.6	3038380000	12416.6
1/10/2007	12417	12487.18	12313.01	12442.16	2764660000	12442.16
1/11/2007	12442.96	12586.12	12413.72	12514.98	2857870000	12514.98
1/12/2007	12514.66	12616.08	12432.3	12556.08	2686480000	12556.08
1/16/2007	12555.84	12638.27	12489.9	12582.59	2599530000	12582.59
1/17/2007	12563.53	12613.28	12550.95	12577.15	2690270000	12577.15
1/18/2007	12575.06	12674.16	12487.9	12567.93	2822430000	12567.93
1/19/2007	12567.93	12649.89	12462.5	12565.53	2777480000	12565.53
1/22/2007	12566.33	12619.04	12389.68	12477.16	2540120000	12477.16
1/23/2007	12467.96	12553.44	12467.96	12533.8	2975070000	12533.8
1/24/2007	12534.37	12659.42	12489.98	12621.77	2783180000	12621.77
1/25/2007	12621.77	12670.48	12461.54	12502.56	2994330000	12502.56
1/26/2007	12503.28	12582.67	12391.44	12487.02	2626620000	12487.02
1/29/2007	12487.1	12599.74	12422.93	12490.78	2730480000	12490.78
1/30/2007	12484.7	12538.06	12463.07	12523.31	2706250000	12523.31
1/31/2007	12520.03	12685.54	12461.3	12621.69	2976690000	12621.69
2/1/2007	12617.2	12741.3	12563.85	12673.68	2914890000	12673.68
2/2/2007	12673.84	12740.65	12582.99	12653.49	2569450000	12653.49
2/5/2007	12641.08	12681.06	12630.5	12661.74	2439430000	12661.74
2/6/2007	12661.66	12738.41	12586.44	12666.31	2608710000	12666.31
2/7/2007	12656.86	12748.99	12589.56	12666.87	2618820000	12666.87
2/8/2007	12639.16	12666.88	12576.59	12637.63	2816180000	12637.63
2/9/2007	12638.03	12725.59	12518.58	12580.83	2951810000	12580.83
2/12/2007	12595.9	12605.11	12536.77	12552.55	2395680000	12552.55
2/13/2007	12549.19	12702.36	12549.19	12654.85	2652150000	12654.85
2/14/2007	12651.29	12793.29	12623.21	12741.86	2699290000	12741.86
2/15/2007	12741.7	12828.38	12681.85	12765.01	2490920000	12765.01
2/16/2007	12764.13	12829.42	12685.86	12767.57	2399450000	12767.57
2/20/2007	12766.85	12845.76	12675.04	12786.64	2337860000	12786.64
2/21/2007	12782.87	12813.88	12662.79	12738.41	2606980000	12738.41
2/22/2007	12735.77	12792.97	12621.93	12686.02	1950770000	12686.02
2/23/2007	12679.89	12726.79	12578.51	12647.48	2579950000	12647.48
2/26/2007	12647.88	12746.34	12562.72	12632.26	2822170000	12632.26
2/27/2007	12628.9	12628.9	12078.85	12216.24	4065230000	12216.24
2/28/2007	12214.92	12396.81	12122.03	12268.63	3925250000	12268.63
3/1/2007	12265.59	12338.89	11996.17	12234.34	3874910000	12234.34
3/2/2007	12233.78	12293.15	12064.91	12114.1	3312260000	12114.1
3/5/2007	12111.61	12220.16	11973.58	12050.41	3480520000	12050.41
3/6/2007	12051.17	12252.61	12051.17	12207.59	3358160000	12207.59
3/7/2007	12204.46	12315.18	12122.11	12192.45	3141350000	12192.45
3/8/2007	12193.33	12355.47	12183.79	12260.7	3014850000	12260.7
3/9/2007	12262.06	12379.51	12200.62	12276.32	2623050000	12276.32
3/12/2007	12275.68	12385.44	12205.58	12318.62	2664000000	12318.62
3/13/2007	12307.49	12319.66	12049.85	12075.96	3485570000	12075.96
3/14/2007	12074.52	12187.88	11926.79	12133.4	3758350000	12133.4
3/15/2007	12133.16	12228.42	12060.1	12159.68	2821900000	12159.68
3/16/2007	12160.16	12226.01	12053.05	12110.41	3393640000	12110.41
3/19/2007	12110.41	12273.52	12110.41	12226.17	2777180000	12226.17
3/20/2007	12226.81	12324.31	12172.66	12288.1	2795940000	12288.1
3/21/2007	12288.98	12489.02	12220.49	12447.52	3184770000	12447.52
3/22/2007	12446.72	12524.03	12364.21	12461.14	3129970000	12461.14
3/23/2007	12460.5	12550.07	12396.89	12481.01	2619020000	12481.01
3/26/2007	12480.37	12526.27	12339.53	12469.07	2754660000	12469.07
3/27/2007	12468.59	12484.54	12336.89	12397.29	2673040000	12397.29
3/28/2007	12396.49	12415.56	12234.5	12300.36	3000440000	12300.36
3/29/2007	12301.48	12424.77	12251.89	12348.75	2854710000	12348.75
3/30/2007	12348.91	12442.4	12237.87	12354.35	2903960000	12354.35
4/2/2007	12354.52	12450.81	12284.54	12382.3	2875880000	12382.3
4/3/2007	12431.28	12534.49	12378.94	12510.93	2921760000	12510.93
4/4/2007	12511.36	12591.81	12444.55	12530.05	2616320000	12530.05
4/5/2007	12505.73	12573.02	12501.25	12560.83	2357230000	12560.83
4/9/2007	12562.64	12641.22	12505.83	12569.14	2349410000	12569.14
4/10/2007	12568.49	12641.87	12496.48	12573.85	2510110000	12573.85
4/11/2007	12573.12	12618.63	12432.53	12484.62	2950190000	12484.62
4/12/2007	12483.64	12580.92	12407.5	12552.96	2770570000	12552.96
4/13/2007	12551.91	12654.47	12504.04	12612.13	2690020000	12612.13
4/16/2007	12611.64	12770.6	12596.36	12720.46	2870140000	12720.46
4/17/2007	12719.56	12837.4	12669.5	12773.04	2920570000	12773.04
4/18/2007	12771.08	12871.21	12691.2	12803.84	2971330000	12803.84
4/19/2007	12799.77	12889.17	12677.47	12808.63	2913610000	12808.63
4/20/2007	12811.15	13035.77	12811.15	12961.98	3329940000	12961.98
4/23/2007	12961.49	13029.59	12867.96	12919.4	2575020000	12919.4
4/24/2007	12919.64	13033.66	12845.12	12953.94	3119750000	12953.94
4/25/2007	12951.42	13142.31	12929.8	13089.89	3252590000	13089.89
4/26/2007	13088.84	13197.49	13016.43	13105.5	3211800000	13105.5
4/27/2007	13104.04	13195.05	13002.37	13120.94	2732810000	13120.94
4/30/2007	13120.21	13226.99	13003.91	13062.91	3093420000	13062.91
5/1/2007	13062.75	13188.96	12993.02	13136.14	3400350000	13136.14
5/2/2007	13133.94	13291.6	13105.34	13211.88	3189800000	13211.88
5/3/2007	13206.65	13306.55	13131.42	13241.38	3007970000	13241.38
5/4/2007	13243.08	13340.6	13176.61	13264.62	2761930000	13264.62
5/7/2007	13264.13	13385.06	13218.87	13312.97	2545090000	13312.97
5/8/2007	13309.4	13359.05	13192.45	13309.07	2795720000	13309.07
5/9/2007	13300.62	13410.17	13229.92	13362.87	2935550000	13362.87
5/10/2007	13359.05	13376.2	13161.08	13215.13	3031240000	13215.13
5/11/2007	13212.2	13373.35	13192.62	13326.22	2720780000	13326.22
5/14/2007	13325.81	13432.84	13265.02	13346.78	2776130000	13346.78
5/15/2007	13346.05	13518.33	13302.65	13383.84	3071020000	13383.84
5/16/2007	13374.13	13526.54	13325.49	13487.53	2915350000	13487.53
5/17/2007	13486.96	13558.24	13384.89	13476.72	2868640000	13476.72
5/18/2007	13476.4	13611.95	13454.46	13556.53	2959050000	13556.53
5/21/2007	13556.53	13636.98	13473.31	13542.88	3465360000	13542.88
5/22/2007	13544.99	13632.03	13466.57	13539.95	2860500000	13539.95
5/23/2007	13540.84	13648.69	13476.72	13525.65	3084260000	13525.65
5/24/2007	13522.6	13645.52	13391.56	13441.13	3365530000	13441.13
5/25/2007	13441.94	13571.48	13410	13507.28	2316250000	13507.28
5/29/2007	13507.28	13603.26	13428.86	13521.34	2571790000	13521.34
5/30/2007	13517.89	13650.64	13403.26	13633.08	2980210000	13633.08
5/31/2007	13633	13718.82	13564.49	13627.64	3335530000	13627.64
6/1/2007	13628.69	13756.69	13562.54	13668.11	2927020000	13668.11
6/4/2007	13667.21	13723.37	13575.14	13676.32	2738930000	13676.32
6/5/2007	13673.19	13689.4	13523.7	13595.46	2939450000	13595.46
6/6/2007	13590.66	13606.75	13403.1	13465.67	2964190000	13465.67
6/7/2007	13463.48	13517.85	13236.34	13266.73	3538470000	13266.73
6/8/2007	13267.14	13445.19	13207.73	13424.39	2993460000	13424.39
6/11/2007	13423.74	13519.88	13335.16	13424.96	2525280000	13424.96
6/12/2007	13424.39	13474.12	13264.05	13295.01	3056200000	13295.01
6/13/2007	13287.62	13502.76	13287.62	13482.35	3077930000	13482.35
6/14/2007	13482.43	13622.66	13444.07	13553.73	2813630000	13553.73
6/15/2007	13556.65	13741.18	13556.65	13639.48	3406030000	13639.48
6/18/2007	13639	13720.29	13560.15	13612.98	2480240000	13612.98
6/19/2007	13611.68	13705.41	13527.14	13635.42	2873590000	13635.42
6/20/2007	13636.56	13735.08	13469.43	13489.42	3286900000	13489.42
6/21/2007	13486.66	13596.56	13368.79	13545.84	3161110000	13545.84
6/22/2007	13545.03	13564.13	13323.51	13360.26	4284320000	13360.26
6/25/2007	13360.09	13519.34	13273.68	13352.05	3287250000	13352.05
6/26/2007	13352.37	13491.7	13272.79	13337.66	3398530000	13337.66
6/27/2007	13336.93	13455.36	13205.08	13427.73	3398150000	13427.73
6/28/2007	13427.48	13537.47	13342.05	13422.28	3006710000	13422.28
6/29/2007	13422.61	13556.16	13291.32	13408.62	3165410000	13408.62
7/2/2007	13409.6	13586.97	13406.59	13535.43	2648990000	13535.43
7/3/2007	13556.87	13592.07	13531.83	13577.3	1560790000	13577.3
7/5/2007	13576.24	13637.78	13459.84	13565.84	2622950000	13565.84
7/6/2007	13559.01	13670.46	13501.54	13611.68	2441520000	13611.68
7/9/2007	13612.66	13739.06	13563.89	13649.97	2715330000	13649.97
7/10/2007	13648.59	13685.9	13463.57	13501.7	3244280000	13501.7
7/11/2007	13500.4	13638.75	13435.45	13577.87	3082920000	13577.87
7/12/2007	13579.33	13889.45	13579.33	13861.73	3489600000	13861.73
7/13/2007	13859.86	13982.93	13784.83	13907.25	2801120000	13907.25
7/16/2007	13907.09	14053.57	13834.33	13950.98	2704110000	13950.98
7/17/2007	13951.96	14095.6	13880.67	13971.55	3007140000	13971.55
7/18/2007	13955.05	14020.89	13768.73	13918.22	3609220000	13918.22
7/19/2007	13918.79	14121.04	13860.18	14000.41	3251450000	14000.41
7/20/2007	14000.73	14039.67	13745.65	13851.08	3745780000	13851.08
7/23/2007	13851.73	14039.59	13819.54	13943.42	3102700000	13943.42
7/24/2007	13940.9	13967.65	13661.51	13716.95	4115830000	13716.95
7/25/2007	13718.25	13919.77	13607.7	13785.07	4283200000	13785.07
7/26/2007	13783.12	13793.61	13307.74	13473.57	4472550000	13473.57
7/27/2007	13472.68	13589.17	13228.57	13265.47	4784650000	13265.47
7/30/2007	13266.21	13445.12	13143.87	13358.31	4128780000	13358.31
7/31/2007	13360.66	13579.41	13182.15	13211.99	4524520000	13211.99
8/1/2007	13211.09	13431.06	13041.77	13362.37	5256780000	13362.37
8/2/2007	13357.82	13547.47	13272.79	13463.33	4368850000	13463.33
8/3/2007	13462.25	13539.5	13156.79	13181.91	4272110000	13181.91
8/6/2007	13183.13	13501.86	13077.05	13468.78	5067200000	13468.78
8/7/2007	13467.72	13635.09	13282.38	13504.3	4909390000	13504.3
8/8/2007	13497.23	13769.63	13386.92	13657.86	5499560000	13657.86
8/9/2007	13652.33	13675.66	13196.05	13270.68	5889600000	13270.68
8/10/2007	13270.59	13386.43	12958.04	13239.54	5345780000	13239.54
8/13/2007	13238.24	13440.08	13163.54	13236.53	3696280000	13236.53
8/14/2007	13235.72	13309.04	12974.3	13028.92	3814630000	13028.92
8/15/2007	13021.93	13184.51	12800.83	12861.47	4290930000	12861.47
8/16/2007	12859.52	12996.73	12455.92	12845.78	6509300000	12845.78
8/17/2007	12848.05	13289.7	12847.24	13079.08	3570040000	13079.08
8/20/2007	13078.51	13245.8	12938.77	13121.35	3321340000	13121.35
8/21/2007	13120.05	13228.57	12975.68	13090.86	3012150000	13090.86
8/22/2007	13088.26	13304.33	13075.34	13236.13	3309120000	13236.13
8/23/2007	13237.27	13358.22	13127.69	13235.88	3084390000	13235.88
8/24/2007	13231.78	13402.2	13174.27	13378.87	2541400000	13378.87
8/27/2007	13377.16	13438.46	13248.32	13322.13	2406180000	13322.13
8/28/2007	13318.43	13319.61	13024.29	13041.85	3078090000	13041.85
8/29/2007	13043.07	13336.93	13020.63	13289.29	2824070000	13289.29
8/30/2007	13287.91	13355.46	13126.39	13238.73	2582960000	13238.73
8/31/2007	13240.84	13472.35	13240.84	13357.74	2731610000	13357.74
9/4/2007	13358.39	13521.86	13248.57	13448.86	2766600000	13448.86
9/5/2007	13442.85	13442.85	13203.86	13305.47	2991600000	13305.47
9/6/2007	13306.44	13464.79	13217.11	13363.35	2459590000	13363.35
9/7/2007	13360.74	13360.74	13059.16	13113.38	3191080000	13113.38
9/10/2007	13116.39	13280.67	12992.02	13127.85	2835720000	13127.85
9/11/2007	13129.4	13369.77	13124.68	13308.39	3015330000	13308.39
9/12/2007	13298.31	13408.62	13195.4	13291.65	2885720000	13291.65
9/13/2007	13292.38	13519.91	13292.38	13424.88	2877080000	13424.88
9/14/2007	13421.39	13507.55	13273.68	13442.52	2641740000	13442.52
9/17/2007	13441.95	13514.71	13306.69	13403.42	2598390000	13403.42
9/18/2007	13403.18	13772.15	13379.68	13739.39	3708940000	13739.39
9/19/2007	13740.61	13936.68	13689.8	13815.56	3846750000	13815.56
9/20/2007	13813.52	13893.02	13680.21	13766.7	2957700000	13766.7
9/21/2007	13768.33	13948.95	13740.61	13820.19	3679460000	13820.19
9/24/2007	13821.57	13930.74	13702.89	13759.06	3131310000	13759.06
9/25/2007	13757.84	13847.1	13629.16	13778.65	3187770000	13778.65
9/26/2007	13779.3	13962.61	13741.26	13878.15	3237390000	13878.15
9/27/2007	13879.53	13991.63	13811.17	13912.94	2872180000	13912.94
9/28/2007	13912.94	13994.64	13802.96	13895.63	2925350000	13895.63
10/1/2007	13895.71	14147.3	13869.86	14087.55	3281990000	14087.55
10/2/2007	14087.14	14166.16	13951.72	14047.31	3101910000	14047.31
10/3/2007	14038.86	14090.48	13883.43	13968.05	3065320000	13968.05
10/4/2007	13967.89	14074.54	13894.98	13974.31	2690430000	13974.31
10/5/2007	13969.07	14169.49	13965.05	14066.01	2919030000	14066.01
10/8/2007	14065.36	14134.05	13747.41	14043.73	2040650000	14043.73
10/9/2007	14043.73	14198.83	13980.9	14164.53	2932040000	14164.53
10/10/2007	14165.02	14225.66	13963.26	14078.69	3044760000	14078.69
10/11/2007	14079.1	14279.96	13917.82	14015.12	3911260000	14015.12
10/12/2007	14016.34	14168.51	13949.85	14093.08	2788690000	14093.08
10/15/2007	14092.43	14157.38	13877.82	13984.8	3139290000	13984.8
10/16/2007	13986.34	14061.37	13810.68	13912.94	3234560000	13912.94
10/17/2007	13920.66	14075.84	13738.66	13892.54	3638070000	13892.54
10/18/2007	13887.9	13984.39	13746.22	13888.96	3203210000	13888.96
10/19/2007	13888.47	13888.47	13478.94	13522.02	4160970000	13522.02
10/22/2007	13521.62	13636.8	13337.9	13566.97	3471830000	13566.97
10/23/2007	13568.93	13754.91	13494.95	13676.23	3309120000	13676.23
10/24/2007	13675.58	13751.5	13423.74	13675.25	4003300000	13675.25
10/25/2007	13677.85	13819.78	13471.87	13671.92	4183960000	13671.92
10/26/2007	13675.66	13885.95	13622.01	13806.7	3612120000	13806.7
10/29/2007	13807.35	13966.18	13748.33	13870.26	3124480000	13870.26
10/30/2007	13869.04	13930.91	13719.8	13792.47	3212520000	13792.47
10/31/2007	13792.06	13990.65	13711.59	13930.01	3953070000	13930.01
11/1/2007	13924.16	13924.16	13522.75	13567.87	4241470000	13567.87
11/2/2007	13569.9	13708.58	13381.64	13595.1	4285990000	13595.1
11/5/2007	13592.58	13666.15	13393.67	13543.4	3819330000	13543.4
11/6/2007	13542.34	13716.55	13460.73	13660.94	3879160000	13660.94
11/7/2007	13646.72	13646.72	13269.46	13300.02	4353160000	13300.02
11/8/2007	13299.7	13463.66	13001.93	13266.29	5439720000	13266.29
11/9/2007	13261.17	13321.81	12920.65	13042.74	4587050000	13042.74
11/12/2007	13039.16	13238.73	12910.4	12987.55	4192520000	12987.55
11/13/2007	12975.11	13357.57	12975.11	13307.09	4141310000	13307.09
11/14/2007	13305.47	13465.2	13159.88	13231.01	4031470000	13231.01
11/15/2007	13230.68	13333.59	13007.95	13110.05	3941010000	13110.05
11/16/2007	13109.48	13293.44	12987.22	13176.79	4168870000	13176.79
11/19/2007	13176.3	13195.48	12871.14	12958.44	4119650000	12958.44
11/20/2007	12955.92	13179.23	12800.74	13010.14	4875150000	13010.14
11/21/2007	13006.65	13055.59	12725.39	12799.04	4076230000	12799.04
11/23/2007	12889.45	12981.56	12796.29	12980.88	1612720000	12980.88
11/26/2007	12979.99	13104.44	12707.26	12743.44	3706470000	12743.44
11/27/2007	12744.78	13040.38	12711.98	12958.44	4320720000	12958.44
11/28/2007	12958.04	13353.51	12958.04	13289.45	4508020000	13289.45
11/29/2007	13287.91	13399.03	13150.21	13311.73	3524730000	13311.73
11/30/2007	13314.25	13570.31	13225.32	13371.72	4422200000	13371.72
12/3/2007	13368.22	13490.24	13207.6	13314.57	3323250000	13314.57
12/4/2007	13311.24	13395.21	13139.56	13248.73	3343620000	13248.73
12/5/2007	13244.01	13513	13244.01	13444.96	3663660000	13444.96
12/6/2007	13445.85	13652.49	13362.37	13619.89	3568570000	13619.89
12/7/2007	13618.27	13744.02	13514.22	13625.58	3177710000	13625.58
12/10/2007	13623.55	13807.02	13582.5	13727.03	2911760000	13727.03
12/11/2007	13726.87	13850.92	13374.89	13432.77	4080180000	13432.77
12/12/2007	13434.8	13778.98	13299.61	13473.9	4482120000	13473.9
12/13/2007	13473.98	13586.73	13281	13517.96	3635170000	13517.96
12/14/2007	13515.11	13557.54	13284.66	13339.85	3401050000	13339.85
12/17/2007	13339.2	13378.38	13111.92	13167.2	3569030000	13167.2
12/18/2007	13168.66	13346.84	13059.32	13232.47	3723690000	13232.47
12/19/2007	13231.98	13368.79	13097.77	13207.27	3401300000	13207.27
12/20/2007	13206.46	13354	13112.98	13245.64	3526890000	13245.64
12/21/2007	13241.66	13518.2	13241.66	13450.65	4508590000	13450.65
12/24/2007	13487.12	13562.72	13451.35	13550.04	2200000	13550.04
12/26/2007	13547.95	13614.53	13440.16	13551.69	2010500000	13551.69
12/27/2007	13549.17	13551.53	13325.71	13359.61	2365770000	13359.61
12/28/2007	13361.23	13494.3	13272.14	13365.87	2420510000	13365.87
12/31/2007	13364.16	13423.91	13197.35	13264.82	2440880000	13264.82
1/2/2008	13261.82	13338.23	12969.42	13043.96	3452650000	13043.96
1/3/2008	13044.12	13197.43	12968.44	13056.72	3429500000	13056.72
1/4/2008	13046.56	13049.65	12740.51	12800.18	4166000000	12800.18
1/7/2008	12801.15	12984.95	12640.44	12827.49	4221260000	12827.49
1/8/2008	12820.9	12998.11	12511.03	12589.07	4705390000	12589.07
1/9/2008	12590.21	12814.97	12431.53	12735.31	5351030000	12735.31
1/10/2008	12733.11	12931.29	12632.15	12853.09	5170490000	12853.09
1/11/2008	12850.74	12863.34	12495.91	12606.3	4495840000	12606.3
1/14/2008	12613.78	12866.1	12596.95	12778.15	3682090000	12778.15
1/15/2008	12777.5	12777.5	12425.92	12501.11	4601640000	12501.11
1/16/2008	12476.81	12699.05	12294.48	12466.16	5440620000	12466.16
1/17/2008	12467.05	12597.85	12089.38	12159.21	5303130000	12159.21
1/18/2008	12159.94	12441.85	11953.71	12099.3	6004840000	12099.3
1/22/2008	12092.72	12167.42	11508.74	11971.19	6544690000	11971.19
1/23/2008	11969.08	12339.1	11530.12	12270.17	3241680000	12270.17
1/24/2008	12272.69	12522.82	12114.83	12378.61	5735300000	12378.61
1/25/2008	12391.7	12590.69	12103.61	12207.17	4882250000	12207.17
1/28/2008	12205.71	12423.81	12061.42	12383.89	4100930000	12383.89
1/29/2008	12385.19	12604.92	12262.29	12480.3	4232960000	12480.3
1/30/2008	12480.14	12715.96	12311.55	12442.83	4742760000	12442.83
1/31/2008	12438.28	12734.74	12197.09	12650.36	4970290000	12650.36
2/1/2008	12638.17	12841.88	12510.05	12743.19	4650770000	12743.19
2/4/2008	12743.11	12810.34	12557.61	12635.16	3495780000	12635.16
2/5/2008	12631.85	12631.85	12234.97	12265.13	4315740000	12265.13
2/6/2008	12257.25	12436.33	12142.14	12200.1	4008120000	12200.1
2/7/2008	12196.2	12366.99	12045	12247	4589160000	12247
2/8/2008	12248.47	12330.97	12058.01	12182.13	3768490000	12182.13
2/11/2008	12181.89	12332.76	12006.79	12240.01	3593140000	12240.01
2/12/2008	12241.56	12524.12	12207.9	12373.41	4044640000	12373.41
2/13/2008	12368.12	12627.76	12354.22	12552.24	3856420000	12552.24
2/14/2008	12551.51	12611.26	12332.03	12376.98	3644760000	12376.98
2/15/2008	12376.66	12441.2	12216.68	12348.21	3583300000	12348.21
2/19/2008	12349.59	12571.11	12276.81	12337.22	3613550000	12337.22
2/20/2008	12333.31	12489.29	12159.42	12427.26	3870520000	12427.26
2/21/2008	12426.85	12545.79	12225.36	12284.3	3696660000	12284.3
2/22/2008	12281.09	12429.05	12116.92	12381.02	3572660000	12381.02
2/25/2008	12380.77	12612.47	12292.03	12570.22	3866350000	12570.22
2/26/2008	12569.48	12771.14	12449.08	12684.92	4096060000	12684.92
2/27/2008	12683.54	12815.59	12527.64	12694.28	3904700000	12694.28
2/28/2008	12689.28	12713.99	12463.32	12582.18	3938580000	12582.18
2/29/2008	12579.58	12579.58	12210.3	12266.39	4426730000	12266.39
3/3/2008	12264.36	12344.71	12101.29	12258.9	4117570000	12258.9
3/4/2008	12259.14	12291.22	11991.06	12213.8	4757180000	12213.8
3/5/2008	12204.93	12392.74	12105.36	12254.99	4277710000	12254.99
3/6/2008	12254.59	12267.86	12010.03	12040.39	4323460000	12040.39
3/7/2008	12039.09	12131.33	11778.66	11893.69	4565410000	11893.69
3/10/2008	11893.04	11993.75	11691.47	11740.15	4261240000	11740.15
3/11/2008	11741.33	12205.98	11741.33	12156.81	5109080000	12156.81
3/12/2008	12148.61	12360.58	12037.79	12110.24	4414280000	12110.24
3/13/2008	12096.49	12242.29	11832.88	12145.74	5073360000	12145.74
3/14/2008	12146.39	12249.86	11781.43	11951.09	5153780000	11951.09
3/17/2008	11946.45	12119.69	11650.44	11972.25	5683010000	11972.25
3/18/2008	11975.92	12411.63	11975.92	12392.66	5335630000	12392.66
3/19/2008	12391.52	12525.19	12077.27	12099.66	5358550000	12099.66
3/20/2008	12102.43	12434.34	12024.68	12361.32	6145220000	12361.32
3/24/2008	12361.97	12687.61	12346.17	12548.64	4499000000	12548.64
3/25/2008	12547.34	12639.82	12397.62	12532.6	4145120000	12532.6
3/26/2008	12531.79	12531.79	12309.62	12422.86	4055670000	12422.86
3/27/2008	12421.88	12528.13	12264.76	12302.46	4037930000	12302.46
3/28/2008	12303.92	12441.67	12164.22	12216.4	3686980000	12216.4
3/31/2008	12215.92	12384.84	12095.18	12262.89	4188990000	12262.89
4/1/2008	12266.64	12693.93	12266.64	12654.36	4745120000	12654.36
4/2/2008	12651.67	12790.28	12488.22	12608.92	4320440000	12608.92
4/3/2008	12604.69	12734.97	12455.04	12626.03	3920100000	12626.03
4/4/2008	12626.35	12738.3	12489.4	12609.42	3703100000	12609.42
4/7/2008	12612.59	12786.83	12550.22	12612.43	3747780000	12612.43
4/8/2008	12602.66	12664.38	12440.55	12576.44	3602500000	12576.44
4/9/2008	12574.65	12686.93	12416.53	12527.26	3556670000	12527.26
4/10/2008	12526.78	12705.9	12447.96	12581.98	3686150000	12581.98
4/11/2008	12579.78	12579.78	12280.89	12325.42	3723790000	12325.42
4/14/2008	12324.77	12430.86	12208.42	12302.06	3565020000	12302.06
4/15/2008	12303.6	12459.36	12223.97	12362.47	3581230000	12362.47
4/16/2008	12371.51	12670.56	12371.51	12619.27	4260370000	12619.27
4/17/2008	12617.4	12725.93	12472.71	12620.49	3713880000	12620.49
4/18/2008	12626.76	12965.47	12626.76	12849.36	4222380000	12849.36
4/21/2008	12850.91	12902.69	12666.08	12825.02	3420570000	12825.02
4/22/2008	12825.02	12870.86	12604.53	12720.23	3821900000	12720.23
4/23/2008	12721.45	12883.8	12627	12763.22	4103610000	12763.22
4/24/2008	12764.68	12979.88	12651.51	12848.95	4461660000	12848.95
4/25/2008	12848.38	12987.29	12703.7	12891.86	3891150000	12891.86
4/28/2008	12890.76	13015.62	12791.55	12871.75	3607000000	12871.75
4/29/2008	12870.37	12970.27	12737.82	12831.94	3815320000	12831.94
4/30/2008	12831.45	13052.91	12746.45	12820.13	4508890000	12820.13
5/1/2008	12818.34	13079.94	12721.94	13010	4448780000	13010
5/2/2008	13012.53	13191.49	12931.35	13058.2	3953030000	13058.2
5/5/2008	13056.57	13105.75	12896.5	12969.54	3410090000	12969.54
5/6/2008	12968.89	13071.07	12817.53	13020.83	3924100000	13020.83
5/7/2008	13010.82	13097.77	12756.14	12814.35	4075860000	12814.35
5/8/2008	12814.84	12965.95	12727.56	12866.78	3827550000	12866.78
5/9/2008	12860.68	12871.75	12648.09	12745.88	3518620000	12745.88
5/12/2008	12768.38	12903.33	12746.36	12876.05	3370630000	12876.05
5/13/2008	12872.08	12957.65	12716.16	12832.18	4018590000	12832.18
5/14/2008	12825.12	13037.44	12806.21	12898.38	3979370000	12898.38
5/15/2008	12891.29	13028.16	12798.39	12992.66	3836480000	12992.66
5/16/2008	12992.74	13069.52	12860.6	12986.8	3842590000	12986.8
5/19/2008	12985.41	13170.97	12899.19	13028.16	3683970000	13028.16
5/20/2008	13026.04	13026.04	12742.29	12828.68	3854320000	12828.68
5/21/2008	12824.94	12926.71	12550.39	12601.19	4517990000	12601.19
5/22/2008	12597.69	12743.68	12515.78	12625.62	3955960000	12625.62
5/23/2008	12620.9	12637.43	12420.2	12479.63	3516380000	12479.63
5/27/2008	12479.63	12626.84	12397.56	12548.35	3588860000	12548.35
5/28/2008	12542.9	12693.77	12437.38	12594.03	3927240000	12594.03
5/29/2008	12593.87	12760.21	12493.47	12646.22	3894440000	12646.22
5/30/2008	12647.36	12750.84	12555.6	12638.32	3845630000	12638.32
6/2/2008	12637.67	12645.4	12385.76	12503.82	3714320000	12503.82
6/3/2008	12503.2	12620.98	12317.61	12402.85	4396380000	12402.85
6/4/2008	12391.86	12540.37	12283.74	12390.48	4338640000	12390.48
6/5/2008	12388.81	12652.81	12358.07	12604.45	4350790000	12604.45
6/6/2008	12602.74	12602.74	12180.5	12209.81	4771660000	12209.81
6/9/2008	12210.13	12406.36	12102.5	12280.32	4404570000	12280.32
6/10/2008	12277.71	12425.98	12116.58	12289.76	4635070000	12289.76
6/11/2008	12286.34	12317.2	12029.46	12083.77	4779980000	12083.77
6/12/2008	12089.63	12337.72	12041.43	12141.58	4734240000	12141.58
6/13/2008	12144.59	12376.72	12096.23	12307.35	4080420000	12307.35
6/16/2008	12306.86	12381.44	12139.79	12269.08	3706940000	12269.08
6/17/2008	12269.65	12378.67	12114.14	12160.3	3801960000	12160.3
6/18/2008	12158.68	12212.33	11947.07	12029.06	4573570000	12029.06
6/19/2008	12022.54	12188.31	11881.03	12063.09	4811670000	12063.09
6/20/2008	12062.19	12078.23	11785.04	11842.69	5324900000	11842.69
6/23/2008	11843.83	11986.96	11731.06	11842.36	4186370000	11842.36
6/24/2008	11842.36	11962.37	11668.53	11807.43	4705050000	11807.43
6/25/2008	11805.31	12008.7	11683.75	11811.83	4825640000	11811.83
6/26/2008	11808.57	11808.57	11431.92	11453.42	5231280000	11453.42
6/27/2008	11452.85	11556.33	11248.48	11346.51	6208260000	11346.51
6/30/2008	11345.7	11504.55	11226.34	11350.01	5032330000	11350.01
7/1/2008	11344.64	11465.79	11106.65	11382.26	5846290000	11382.26
7/2/2008	11382.34	11510.41	11180.58	11215.51	5276090000	11215.51
7/3/2008	11297.33	11336.49	11158.02	11288.53	3247590000	11288.53
7/7/2008	11289.19	11477.52	11094.44	11231.96	5265420000	11231.96
7/8/2008	11225.03	11459.52	11101.19	11384.21	6034110000	11384.21
7/9/2008	11381.93	11505.12	11115.61	11147.44	5181000000	11147.44
7/10/2008	11148.01	11351.24	11006.01	11229.02	5840430000	11229.02
7/11/2008	11226.17	11292.04	10908.64	11100.54	6742200000	11100.54
7/14/2008	11103.64	11299.7	10972.63	11055.19	5434860000	11055.19
7/15/2008	11050.8	11201.67	10731.96	10962.54	7363640000	10962.54
7/16/2008	10961.89	11308.41	10831.61	11239.28	6738630400	11239.28
7/17/2008	11238.39	11538.5	11118.46	11446.66	7365209600	11446.66
7/18/2008	11436.56	11599.57	11290.5	11496.57	5653280000	11496.57
7/21/2008	11495.02	11663.4	11339.02	11467.34	4630640000	11467.34
7/22/2008	11457.9	11692.79	11273.32	11602.5	6180230000	11602.5
7/23/2008	11603.39	11820.21	11410.02	11632.38	6705830000	11632.38
7/24/2008	11630.34	11714.21	11288.79	11349.28	6127980000	11349.28
7/25/2008	11341.14	11540.78	11252.47	11370.69	4672560000	11370.69
7/28/2008	11369.47	11439.25	11094.76	11131.08	4282960000	11131.08
7/29/2008	11133.44	11444.05	11086.13	11397.56	5414240000	11397.56
7/30/2008	11397.56	11681.47	11328.68	11583.69	5631330000	11583.69
7/31/2008	11577.99	11631.16	11317.69	11378.02	5346050000	11378.02
8/1/2008	11379.89	11512.61	11205.41	11326.32	4684870000	11326.32
8/4/2008	11326.32	11449.67	11144.59	11284.15	4562280000	11284.15
8/5/2008	11286.02	11652.24	11286.02	11615.77	1219310000	11615.77
8/6/2008	11603.64	11745.71	11454.64	11656.07	4873420000	11656.07
8/7/2008	11655.42	11680.5	11355.63	11431.43	5319380000	11431.43
8/8/2008	11432.09	11808.49	11344.23	11734.32	4966810000	11734.32
8/11/2008	11729.67	11933.55	11580.19	11782.35	5067310000	11782.35
8/12/2008	11781.7	11830.39	11541.43	11642.47	4711290000	11642.47
8/13/2008	11632.81	11689.05	11377.37	11532.96	4787600000	11532.96
8/14/2008	11532.07	11744.33	11399.84	11615.93	4064000000	11615.93
8/15/2008	11611.21	11776.41	11540.05	11659.9	4041820000	11659.9
8/18/2008	11659.65	11744.49	11410.18	11479.39	3829290000	11479.39
8/19/2008	11478.09	11501.45	11260.53	11348.55	4159760000	11348.55
8/20/2008	11345.94	11511.06	11240.18	11417.43	4555030000	11417.43
8/21/2008	11415.23	11501.29	11263.63	11430.21	4032590000	11430.21
8/22/2008	11426.79	11684	11426.79	11628.06	3741070000	11628.06
8/25/2008	11626.19	11626.19	11336.82	11386.25	3420600000	11386.25
8/26/2008	11383.56	11483.62	11284.47	11412.87	3587570000	11412.87
8/27/2008	11412.46	11575.14	11349.69	11502.51	3499610000	11502.51
8/28/2008	11499.87	11756.46	11493.72	11715.18	3854280000	11715.18
8/29/2008	11713.23	11730.49	11508.78	11543.55	3288120000	11543.55
9/2/2008	11545.63	11831.29	11444.79	11516.92	4783560000	11516.92
9/3/2008	11506.01	11629.69	11328.84	11532.88	5056980000	11532.88
9/4/2008	11532.48	11532.48	11130.26	11188.23	5212500000	11188.23
9/5/2008	11185.63	11301.73	10998.77	11220.96	5017080000	11220.96
9/8/2008	11224.87	11656.64	11224.87	11510.74	7351340000	11510.74
9/9/2008	11514.73	11623.5	11209.81	11230.73	7380630400	11230.73
9/10/2008	11233.91	11453.5	11135.64	11268.92	6543440000	11268.92
9/11/2008	11264.44	11461.15	11018.72	11433.71	6869249600	11433.71
9/12/2008	11429.32	11532.72	11191.08	11421.99	6273260000	11421.99
9/15/2008	11416.37	11416.37	10849.85	10917.51	8279510400	10917.51
9/16/2008	10905.62	11193.12	10604.7	11059.02	9459830400	11059.02
9/17/2008	11056.58	11068.87	10521.81	10609.66	9431870400	10609.66
9/18/2008	10609.01	11149.07	10403.75	11019.69	10082689600	11019.69
9/19/2008	11027.51	11415.48	11027.51	11388.44	9387169600	11388.44
9/22/2008	11394.42	11450.81	10956.43	11015.69	5368130000	11015.69
9/23/2008	11015.69	11214.65	10763.77	10854.17	5185730000	10854.17
9/24/2008	10850.02	11041.02	10696.38	10825.17	4820360000	10825.17
9/25/2008	10827.17	11206.05	10799.77	11022.06	5877640000	11022.06
9/26/2008	11019.04	11218.48	10781.37	11143.13	5383610000	11143.13
9/29/2008	11139.62	11139.62	10266.76	10365.45	7305060000	10365.45
9/30/2008	10371.58	10922.03	10371.58	10850.66	6065000000	10850.66
10/1/2008	10847.4	11022.06	10495.99	10831.07	5782130000	10831.07
10/2/2008	10825.54	10843.1	10368.08	10482.85	6285640000	10482.85
10/3/2008	10483.96	10844.69	10261.75	10325.38	6716120000	10325.38
10/6/2008	10322.52	10322.52	9503.1	9955.5	7956020000	9955.5
10/7/2008	9955.42	10205.04	9391.67	9447.11	7069209600	9447.11
10/8/2008	9437.23	9778.04	9042.97	9258.1	8716329600	9258.1
10/9/2008	9261.69	9522.77	8523.27	8579.19	8285670400	8579.19
10/10/2008	8568.67	8989.13	7773.71	8451.19	11456230400	8451.19
10/13/2008	8462.42	9501.91	8462.42	9387.61	7263369600	9387.61
10/14/2008	9388.97	9924.28	9050.06	9310.99	8161990400	9310.99
10/15/2008	9301.91	9301.91	8516.5	8577.91	6542330000	8577.91
10/16/2008	8577.04	9073.64	8176.17	8979.26	7984500000	8979.26
10/17/2008	8975.35	9304.38	8640.83	8852.22	6581780000	8852.22
10/20/2008	8852.3	9305.89	8799.49	9265.43	5175640000	9265.43
10/21/2008	9179.11	9293.07	9017.3	9045.21	5121830000	9045.21
10/22/2008	9027.84	9027.84	8324.07	8519.21	6147980000	8519.21
10/23/2008	8519.77	8864.48	8200.06	8691.25	7189900000	8691.25
10/24/2008	8683.21	8683.21	8088.63	8378.95	6550050000	8378.95
10/27/2008	8375.92	8639.64	8085.37	8175.77	5558050000	8175.77
10/28/2008	8178.72	9112.51	8153.79	9065.12	7096950400	9065.12
10/29/2008	9062.33	9405.05	8800.61	8990.96	7077800000	8990.96
10/30/2008	9004.66	9380.36	8916.81	9180.69	6175830000	9180.69
10/31/2008	9179.09	9498.48	9014.78	9325.01	6394350000	9325.01
11/3/2008	9326.04	9488.92	9175.03	9319.83	4492280000	9319.83
11/4/2008	9323.89	9711.46	9323.89	9625.28	5531290000	9625.28
11/5/2008	9616.6	9628.15	9086.06	9139.27	5426640000	9139.27
11/6/2008	9134.01	9216.37	8607.14	8695.79	6102230000	8695.79
11/7/2008	8696.03	9032.54	8661.22	8943.81	4931640000	8943.81
11/10/2008	8946.6	9212.94	8735.61	8870.54	4572000000	8870.54
11/11/2008	8864.32	8892.2	8499.62	8693.96	4998340000	8693.96
11/12/2008	8684.52	8684.52	8235.66	8282.66	5764180000	8282.66
11/13/2008	8281.14	8898.41	7947.74	8835.25	7849120000	8835.25
11/14/2008	8822.19	8980.93	8421.08	8497.31	5881030000	8497.31
11/17/2008	8494.84	8596.31	8197.12	8273.58	4927490000	8273.58
11/18/2008	8273.34	8540.08	8075.81	8424.75	6679470000	8424.75
11/19/2008	8420.69	8534.34	7967.33	7997.28	6548600000	7997.28
11/20/2008	7995.53	8224.35	7464.51	7552.29	9093740000	7552.29
11/21/2008	7552.37	8121.45	7392.27	8046.42	9495900000	8046.42
11/24/2008	8048.09	8624.27	8023.32	8443.39	7879440000	8443.39
11/25/2008	8445.14	8682.09	8244.43	8479.47	6952700000	8479.47
11/26/2008	8464.49	8760.46	8250.8	8726.61	5793260000	8726.61
11/28/2008	8690.24	8840.33	8687.05	8829.04	2740860000	8829.04
12/1/2008	8826.89	8826.89	8123.04	8149.09	6052010000	8149.09
12/2/2008	8153.75	8490.62	8072.47	8419.09	6170100000	8419.09
12/3/2008	8409.14	8654.77	8170.19	8591.69	6221880000	8591.69
12/4/2008	8587.07	8705.98	8222.84	8376.24	5860390000	8376.24
12/5/2008	8376.08	8722.47	8084.25	8635.42	6165370000	8635.42
12/8/2008	8637.65	9151.61	8637.65	8934.18	6553600000	8934.18
12/9/2008	8934.1	8978.14	8591.69	8691.33	5693110000	8691.33
12/10/2008	8693	8942.46	8589.86	8761.42	5942130000	8761.42
12/11/2008	8750.13	8861.86	8480.18	8565.09	5513840000	8565.09
12/12/2008	8563.1	8705.43	8272.22	8629.68	5959590000	8629.68
12/15/2008	8628.81	8738.4	8431.04	8564.53	4982390000	8564.53
12/16/2008	8565.65	8985.63	8534.03	8924.14	6009780000	8924.14
12/17/2008	8921.91	9001.96	8701.13	8824.34	5907380000	8824.34
12/18/2008	8823.94	8946.36	8516.02	8604.99	5675000000	8604.99
12/19/2008	8606.5	8823.78	8499.06	8579.11	6705310000	8579.11
12/22/2008	8573.37	8672.06	8351.79	8519.69	4869850000	8519.69
12/23/2008	8518.65	8647.6	8376.8	8419.49	4051970000	8419.49
12/24/2008	8428.17	8498.26	8417.02	8468.48	1546550000	8468.48
12/26/2008	8468.71	8581.58	8434.94	8515.55	1880050000	8515.55
12/29/2008	8515.87	8575.6	8349.24	8483.93	3323430000	8483.93
12/30/2008	8487.51	8700.89	8463.7	8668.39	3627800000	8668.39
12/31/2008	8666.48	8862.65	8634.06	8776.39	4172940000	8776.39
1/2/2009	8772.25	9080.57	8725.1	9034.69	4048270000	9034.69
1/5/2009	9027.13	9093.47	8841.7	8952.89	5413910000	8952.89
1/6/2009	8954.57	9175.19	8868.07	9015.1	5392620000	9015.1
1/7/2009	8996.94	8996.94	8690.45	8769.7	4704940000	8769.7
1/8/2009	8769.94	8807.14	8593.52	8742.46	4991550000	8742.46
1/9/2009	8738.8	8800.45	8541.75	8599.18	4716500000	8599.18
1/12/2009	8599.26	8653.97	8391.85	8473.97	4725050000	8473.97
1/13/2009	8474.61	8584.68	8325.59	8448.56	5567460000	8448.56
1/14/2009	8446.01	8446.01	8097.95	8200.14	5407880000	8200.14
1/15/2009	8196.24	8326.06	7949.65	8212.49	7807350400	8212.49
1/16/2009	8215.67	8424.59	8086.01	8281.22	6786040000	8281.22
1/20/2009	8279.63	8309.02	7920.66	7949.09	6375230000	7949.09
1/21/2009	7949.17	8286.4	7890.63	8228.1	6467830000	8228.1
1/22/2009	8224.43	8239.33	7925.75	8122.8	5843830000	8122.8
1/23/2009	8108.79	8187.88	7856.86	8077.56	5832160000	8077.56
1/26/2009	8078.04	8278.12	7971.15	8116.03	6039940000	8116.03
1/27/2009	8117.39	8264.1	8042.6	8174.73	5353260000	8174.73
1/28/2009	8175.93	8446.33	8175.93	8375.45	6199180000	8375.45
1/29/2009	8373.06	8373.06	8092.14	8149.01	5067060000	8149.01
1/30/2009	8149.01	8243.95	7924.88	8000.86	5350580000	8000.86
2/2/2009	8000.62	8053.43	7796.17	7936.83	5673270000	7936.83
2/3/2009	7936.99	8157.13	7855.19	8078.36	5886310000	8078.36
2/4/2009	8070.32	8197.04	7899.79	7956.66	6420450000	7956.66
2/5/2009	7954.83	8138.65	7811.7	8063.07	6624030000	8063.07
2/6/2009	8056.38	8360.07	8044.03	8280.59	6484100000	8280.59
2/9/2009	8281.38	8376.56	8137.7	8270.87	5574370000	8270.87
2/10/2009	8269.36	8293.17	7835.83	7888.88	6770169600	7888.88
2/11/2009	7887.05	8042.36	7820.14	7939.53	5926460000	7939.53
2/12/2009	7931.97	7956.02	7662.04	7932.76	6476460000	7932.76
2/13/2009	7933	8005.96	7811.38	7850.41	5296650000	7850.41
2/17/2009	7845.63	7845.63	7502.59	7552.6	5907820000	7552.6
2/18/2009	7546.35	7661.56	7451.37	7555.63	5740710000	7555.63
2/19/2009	7555.23	7679.01	7420.63	7465.95	5746940000	7465.95
2/20/2009	7461.49	7500.44	7226.29	7365.67	8210590400	7365.67
2/23/2009	7365.99	7477.1	7092.64	7114.78	6509300000	7114.78
2/24/2009	7115.34	7396.34	7077.35	7350.94	7234489600	7350.94
2/25/2009	7349.58	7442.13	7123.94	7270.89	7483640000	7270.89
2/26/2009	7269.06	7451.13	7135.25	7182.08	7599969600	7182.08
2/27/2009	7180.97	7244.61	6952.06	7062.93	8926480000	7062.93
3/2/2009	7056.48	7056.48	6736.69	6763.29	7868289600	6763.29
3/3/2009	6764.81	6922.59	6661.74	6726.02	7583230400	6726.02
3/4/2009	6726.5	7012.19	6715.11	6875.84	7673620000	6875.84
3/5/2009	6874.01	6874.01	6531.28	6594.44	7507249600	6594.44
3/6/2009	6595.16	6776.44	6443.27	6626.94	7331830400	6626.94
3/9/2009	6625.74	6758.44	6440.08	6547.05	7277320000	6547.05
3/10/2009	6547.01	6951.5	6547.01	6926.49	8618329600	6926.49
3/11/2009	6923.13	7078.22	6804.55	6930.4	7287809600	6930.4
3/12/2009	6932.39	7198.25	6840.79	7170.06	7326630400	7170.06
3/13/2009	7219.2	7241.98	7106.34	7223.98	6787089600	7223.98
3/16/2009	7225.33	7428.75	7171.41	7216.97	7883540000	7216.97
3/17/2009	7218	7407.41	7129.6	7395.7	6156800000	7395.7
3/18/2009	7395.7	7592.03	7218.24	7486.58	9098449600	7486.58
3/19/2009	7489.68	7624.45	7325.13	7400.8	9033870400	7400.8
3/20/2009	7402.31	7524.81	7215.77	7278.38	7643720000	7278.38
3/23/2009	7279.25	7789.24	7279.25	7775.86	7715769600	7775.86
3/24/2009	7773.47	7837.11	7585.98	7660.21	6767980000	7660.21
3/25/2009	7659.81	7897.48	7539.54	7749.81	7687180000	7749.81
3/26/2009	7752.36	7969	7709.19	7924.56	6992960000	7924.56
3/27/2009	7922.57	7922.57	7695.97	7776.18	5600210000	7776.18
3/30/2009	7773.31	7773.31	7406.85	7522.02	5912660000	7522.02
3/31/2009	7523.77	7744.24	7502.98	7608.92	6089100000	7608.92
4/1/2009	7606.13	7804.77	7450.74	7761.6	6034140000	7761.6
4/2/2009	7763.99	8129.33	7763.99	7978.08	7542809600	7978.08
4/3/2009	7980.63	8090.71	7850.33	8017.59	5855640000	8017.59
4/6/2009	8016.16	8037.42	7830.66	7975.85	6210000000	7975.85
4/7/2009	7968.92	7968.92	7733.56	7789.56	5155580000	7789.56
4/8/2009	7788.68	7925.36	7715.09	7837.11	5938460000	7837.11
4/9/2009	7839.89	8150.44	7839.89	8083.38	7600710400	8083.38
4/13/2009	8082.02	8146.86	7888.96	8057.81	6434890000	8057.81
4/14/2009	8057.41	8076.05	7840.53	7920.18	7569840000	7920.18
4/15/2009	7914.92	8069.92	7808.19	8029.62	6241100000	8029.62
4/16/2009	8029.14	8201.81	7933.08	8125.43	6598670000	8125.43
4/17/2009	8125.43	8251.2	8024.92	8131.33	7352009600	8131.33
4/20/2009	8128.94	8128.94	7801.58	7841.73	6973960000	7841.73
4/21/2009	7841.73	8027.54	7699.79	7969.56	7436489600	7969.56
4/22/2009	7964.78	8111.02	7802.46	7886.57	7327860000	7886.57
4/23/2009	7886.81	8015.36	7762.8	7957.06	6563100000	7957.06
4/24/2009	7957.45	8182.3	7905.6	8076.29	7114440000	8076.29
4/27/2009	8073.82	8152.27	7920.42	8025	5613460000	8025
4/28/2009	8023.56	8136.74	7898.75	8016.95	6328000000	8016.95
4/29/2009	8018.31	8278.12	8018.31	8185.73	6101620000	8185.73
4/30/2009	8188.51	8383.81	8083.62	8168.12	6862540000	8168.12
5/1/2009	8167.41	8278.28	8047.54	8212.41	5312170000	8212.41
5/4/2009	8213.6	8488.87	8213.6	8426.74	7038840000	8426.74
5/5/2009	8425.55	8520.8	8321.37	8410.65	6882860000	8410.65
5/6/2009	8403.48	8608.26	8350.12	8512.28	8555040000	8512.28
5/7/2009	8513.56	8651.51	8296.04	8409.85	9120100000	8409.85
5/8/2009	8410.73	8657.96	8388.11	8574.65	8163280000	8574.65
5/11/2009	8569.23	8569.23	8347.41	8418.77	6150600000	8418.77
5/12/2009	8419.17	8574.88	8306.47	8469.11	6871750400	8469.11
5/13/2009	8461.8	8461.8	8208.74	8284.89	7091820000	8284.89
5/14/2009	8285.92	8427.93	8218.94	8331.32	6134870000	8331.32
5/15/2009	8326.22	8422.28	8206.67	8268.64	5439720000	8268.64
5/18/2009	8270.15	8534.66	8270.15	8504.08	5702150000	8504.08
5/19/2009	8502.48	8594.16	8402.61	8474.85	6616270000	8474.85
5/20/2009	8471.82	8645.85	8376.4	8422.04	8205060000	8422.04
5/21/2009	8416.07	8416.07	8185.25	8292.13	6019840000	8292.13
5/22/2009	8292.21	8415.75	8218.86	8277.32	5155320000	8277.32
5/26/2009	8275.33	8523.59	8194.33	8473.49	5667050000	8473.49
5/27/2009	8473.65	8534.66	8280.82	8300.02	5698800000	8300.02
5/28/2009	8300.5	8463.7	8221.65	8403.8	5738980000	8403.8
5/29/2009	8404.04	8541.27	8323.91	8500.33	6050420000	8500.33
6/1/2009	8501.53	8797.58	8501.53	8721.44	6370440000	8721.44
6/2/2009	8721.6	8832.16	8635.25	8740.87	5987340000	8740.87
6/3/2009	8740.07	8750.83	8556.9	8675.24	5323770000	8675.24
6/4/2009	8665.72	8802.59	8609.17	8750.24	5352890000	8750.24
6/5/2009	8751.75	8900.48	8673.41	8763.13	5277910000	8763.13
6/8/2009	8759.35	8832.13	8593.84	8764.49	4483430000	8764.49
6/9/2009	8764.83	8854.8	8688.99	8763.06	4439950000	8763.06
6/10/2009	8763.66	8871.36	8625.21	8739.02	5379420000	8739.02
6/11/2009	8736.23	8911.11	8697.99	8770.92	5500840000	8770.92
6/12/2009	8770.01	8850.95	8671.61	8799.26	4528120000	8799.26
6/15/2009	8798.5	8798.5	8540.87	8612.13	4697880000	8612.13
6/16/2009	8612.44	8688.69	8483.58	8504.67	4951200000	8504.67
6/17/2009	8504.36	8602.99	8421.46	8497.18	5523650000	8497.18
6/18/2009	8496.73	8634.28	8438.61	8555.6	4684010000	8555.6
6/19/2009	8556.96	8665.26	8476.02	8539.73	5713390000	8539.73
6/22/2009	8538.52	8538.52	8306.66	8339.01	4903940000	8339.01
6/23/2009	8340.44	8413.22	8239.17	8322.91	5071020000	8322.91
6/24/2009	8323.51	8456.83	8246.2	8299.86	4636720000	8299.86
6/25/2009	8299.25	8512.6	8236.07	8472.4	4911240000	8472.4
6/26/2009	8468.54	8509.73	8364.17	8438.39	6076660000	8438.39
6/29/2009	8440.13	8569.59	8406.57	8529.38	4211760000	8529.38
6/30/2009	8528.93	8584.17	8369.99	8447	4627570000	8447
7/1/2009	8447.53	8610.32	8447	8504.06	3919400000	8504.06
7/2/2009	8503	8503	8260.41	8280.74	3931000000	8280.74
7/6/2009	8279.3	8364.02	8156.49	8324.87	4712580000	8324.87
7/7/2009	8324.95	8355.48	8138.51	8163.6	4673300000	8163.6
7/8/2009	8157.02	8259.05	8057.94	8178.41	5721780000	8178.41
7/9/2009	8179.01	8273.48	8117.27	8183.17	4347170000	8183.17
7/10/2009	8182.49	8216.65	8057.57	8146.52	3912080000	8146.52
7/13/2009	8146.82	8348.08	8106.16	8331.68	4499440000	8331.68
7/14/2009	8331.37	8407.48	8255.27	8359.49	4149030000	8359.49
7/15/2009	8363.95	8643.04	8363.95	8616.21	5238830000	8616.21
7/16/2009	8612.66	8750.28	8543.97	8711.82	4898640000	8711.82
7/17/2009	8711.89	8797.97	8638.81	8743.94	5141380000	8743.94
7/20/2009	8746.05	8884.43	8717.26	8848.15	4853150000	8848.15
7/21/2009	8848.15	8991.07	8780.82	8915.94	5309300000	8915.94
7/22/2009	8912.39	8993.48	8802.13	8881.26	4634100000	8881.26
7/23/2009	8882.31	9143.05	8837.95	9069.29	5761650000	9069.29
7/24/2009	9066.11	9144.48	8955.77	9093.24	4458300000	9093.24
7/27/2009	9093.09	9154.23	8996.58	9108.51	4631290000	9108.51
7/28/2009	9106.92	9154.76	8980.03	9096.72	5490350000	9096.72
7/29/2009	9092.34	9141.23	8967.26	9070.72	5178770000	9070.72
7/30/2009	9072.84	9298.13	9072.84	9154.46	6035180000	9154.46
7/31/2009	9154.61	9264.65	9081.3	9171.61	5139070000	9171.61
8/3/2009	9173.65	9342.11	9162.09	9286.56	5603440000	9286.56
8/4/2009	9285.05	9370.3	9207.21	9320.19	5713700000	9320.19
8/5/2009	9315.36	9374.38	9173.2	9280.97	7242120000	9280.97
8/6/2009	9277.19	9378.01	9168.44	9256.26	6753380000	9256.26
8/7/2009	9258.45	9466.89	9258.45	9370.07	6827089600	9370.07
8/10/2009	9368.41	9420.56	9249.99	9337.95	5406080000	9337.95
8/11/2009	9334.33	9351.86	9180.23	9241.45	5773160000	9241.45
8/12/2009	9236.06	9442.47	9199.8	9361.61	5498170000	9361.61
8/13/2009	9362.29	9448.97	9269.26	9398.19	5250660000	9398.19
8/14/2009	9398.04	9425.17	9214.47	9321.4	4940750000	9321.4
8/17/2009	9313.85	9313.85	9078.28	9135.34	4854970000	9135.34
8/18/2009	9134.36	9262.08	9124.08	9217.94	4198970000	9217.94
8/19/2009	9208.68	9333.34	9099.14	9279.16	4257000000	9279.16
8/20/2009	9278.55	9385.72	9237.52	9350.05	4893160000	9350.05
8/21/2009	9347.86	9549.19	9347.86	9505.96	5885550000	9505.96
8/24/2009	9506.18	9625.89	9442.17	9509.28	6302450000	9509.28
8/25/2009	9509.21	9646.53	9485.7	9539.29	5768740000	9539.29
8/26/2009	9538.61	9613.65	9446.71	9543.52	5080060000	9543.52
8/27/2009	9541.63	9629.98	9440.43	9580.63	5785880000	9580.63
8/28/2009	9582.74	9666.71	9476.63	9544.2	5785780000	9544.2
8/31/2009	9542.91	9552.97	9389.27	9496.28	5004560000	9496.28
9/1/2009	9492.32	9573.67	9275.15	9310.6	6862360000	9310.6
9/2/2009	9306.21	9378.77	9223.08	9280.67	5842730000	9280.67
9/3/2009	9282.03	9350.27	9252.93	9344.61	4624280000	9344.61
9/4/2009	9345.36	9465.37	9302.28	9441.27	4097370000	9441.27
9/8/2009	9440.13	9564.45	9402.8	9497.34	5235160000	9497.34
9/9/2009	9496.59	9604.43	9435.45	9547.22	5202550000	9547.22
9/10/2009	9546.54	9666.55	9479.2	9627.48	5191380000	9627.48
9/11/2009	9625.44	9698.67	9532.11	9605.41	4922600000	9605.41
9/14/2009	9598.08	9662.1	9492.96	9626.8	4979610000	9626.8
9/15/2009	9626.42	9745.91	9553.8	9683.41	6185620000	9683.41
9/16/2009	9683.71	9837.05	9648.95	9791.71	6793529600	9791.71
9/17/2009	9789.82	9896.38	9706.23	9783.92	6668110000	9783.92
9/18/2009	9784.75	9898.57	9751.27	9820.2	5607970000	9820.2
9/21/2009	9818.61	9846.12	9688.4	9778.86	4615280000	9778.86
9/22/2009	9779.61	9890.71	9742.96	9829.87	5246600000	9829.87
9/23/2009	9830.63	9937.72	9724.9	9748.55	5531930000	9748.55
9/24/2009	9749.99	9836.82	9637.53	9707.44	5505610000	9707.44
9/25/2009	9706.68	9781.73	9605.19	9665.19	4507090000	9665.19
9/28/2009	9663.23	9861.39	9658.09	9789.36	3726950000	9789.36
9/29/2009	9789.74	9861.99	9705.1	9742.2	4949900000	9742.2
9/30/2009	9741.83	9817.17	9583.04	9712.28	5998860000	9712.28
10/1/2009	9711.6	9714.7	9482.98	9509.28	5791450000	9509.28
10/2/2009	9507.62	9571.71	9378.77	9487.67	5583240000	9487.67
10/5/2009	9488.73	9640.33	9449.81	9599.75	4313310000	9599.75
10/6/2009	9601.26	9793.37	9601.26	9731.25	5029840000	9731.25
10/7/2009	9725.69	9782.56	9634.96	9725.58	4238220000	9725.58
10/8/2009	9728.22	9872.5	9709.78	9786.87	4988400000	9786.87
10/9/2009	9786.04	9890.41	9731.32	9864.94	3763780000	9864.94
10/12/2009	9865.24	9978.07	9814.45	9885.8	3710430000	9885.8
10/13/2009	9883.98	9935.53	9780.9	9871.06	4320480000	9871.06
10/14/2009	9873.55	10064.98	9873.55	10015.86	5406420000	10015.86
10/15/2009	10014.88	10087.43	9916.93	10062.94	5369780000	10062.94
10/16/2009	10061.36	10072.62	9884.51	9995.91	4894740000	9995.91
10/19/2009	9996.67	10146.61	9967.49	10092.19	4619240000	10092.19
10/20/2009	10092.42	10157.26	9952.98	10041.48	5396930000	10041.48
10/21/2009	10038.84	10157.94	9909.83	9949.36	5616290000	9949.36
10/22/2009	9946.18	10133.08	9879.07	10081.31	5192410000	10081.31
10/23/2009	10099.9	10138.59	9908.7	9972.18	4767460000	9972.18
10/26/2009	9972.33	10107.99	9817.55	9867.96	6363380000	9867.96
10/27/2009	9868.34	9994.55	9802.36	9882.17	5337380000	9882.17
10/28/2009	9881.11	9940.89	9723.31	9762.69	6600350000	9762.69
10/29/2009	9762.91	9996.67	9762.91	9962.58	5595040000	9962.58
10/30/2009	9961.52	9980.19	9664.89	9712.73	6512420000	9712.73
11/2/2009	9712.13	9883.68	9647.06	9789.44	6202640000	9789.44
11/3/2009	9787.47	9844.84	9649.78	9771.91	5487500000	9771.91
11/4/2009	9767.3	9962.35	9745.76	9802.14	5635510000	9802.14
11/5/2009	9807.8	10043.75	9807.8	10005.96	4848350000	10005.96
11/6/2009	10001.35	10077.08	9898.49	10023.42	4277130000	10023.42
11/9/2009	10020.62	10248.93	10020.62	10226.94	4460030000	10226.94
11/10/2009	10223.01	10300.33	10148.12	10246.97	4394770000	10246.97
11/11/2009	10247.42	10357.38	10217.19	10291.26	4286700000	10291.26
11/12/2009	10289.82	10341.21	10157.64	10197.47	4160250000	10197.47
11/13/2009	10197.85	10332.29	10162.93	10270.47	3792610000	10270.47
11/16/2009	10267.53	10465.83	10267.53	10406.96	4565850000	10406.96
11/17/2009	10404.77	10465.76	10318.69	10437.42	3824070000	10437.42
11/18/2009	10426.27	10471.28	10330.33	10426.31	4293340000	10426.31
11/19/2009	10425.33	10425.33	10226.41	10332.44	4178030000	10332.44
11/20/2009	10327.91	10377.41	10237.6	10318.16	3751230000	10318.16
11/23/2009	10320.13	10524.4	10320.13	10450.95	3827920000	10450.95
11/24/2009	10451.25	10488.66	10335.62	10433.71	3700820000	10433.71
11/25/2009	10432.96	10513.6	10385.65	10464.4	3036350000	10464.4
11/27/2009	10452.23	10452.23	10179.33	10309.92	2362910000	10309.92
11/30/2009	10309.77	10394.34	10238.05	10344.84	3895520000	10344.84
12/1/2009	10343.82	10537.03	10343.82	10471.58	4249310000	10471.58
12/2/2009	10470.44	10537.63	10386.03	10452.68	3941340000	10452.68
12/3/2009	10455.63	10533.55	10338.49	10366.15	4810030000	10366.15
12/4/2009	10368.57	10549.04	10285.44	10388.9	5781140000	10388.9
12/7/2009	10386.86	10478.23	10321.11	10390.11	4103360000	10390.11
12/8/2009	10385.42	10385.42	10216.44	10285.97	4748030000	10285.97
12/9/2009	10282.85	10377.11	10207.29	10337.05	4115410000	10337.05
12/10/2009	10336	10479.06	10332.14	10405.83	3996490000	10405.83
12/11/2009	10403.41	10516.47	10385.42	10471.5	3791090000	10471.5
12/14/2009	10471.28	10566.88	10431.6	10501.05	4548490000	10501.05
12/15/2009	10499.31	10542.09	10380.96	10452	5045100000	10452
12/16/2009	10449.81	10552.75	10401.9	10441.12	4829820000	10441.12
12/17/2009	10439.99	10439.99	10279.39	10308.26	7615070400	10308.26
12/18/2009	10309.39	10412.55	10237.75	10328.89	6325890000	10328.89
12/21/2009	10330.1	10489.41	10330.1	10414.14	3977340000	10414.14
12/22/2009	10414.67	10511.56	10399.33	10464.93	3641130000	10464.93
12/23/2009	10464.32	10520.93	10409	10466.44	3166870000	10466.44
12/24/2009	10467.12	10541.26	10450.95	10520.1	1267710000	10520.1
12/28/2009	10517.91	10585.02	10477.25	10547.08	2716400000	10547.08
12/29/2009	10547.83	10605.65	10518.59	10545.41	2491020000	10545.41
12/30/2009	10544.36	10583.28	10470.75	10548.51	2277300000	10548.51
12/31/2009	10548.51	10578.74	10420.56	10428.05	2076990000	10428.05
1/4/2010	10430.69	10641.62	10430.69	10583.96	3991400000	10583.96
1/5/2010	10584.56	10647.14	10468.86	10572.02	2491020000	10572.02
1/6/2010	10564.72	10655.22	10488.28	10573.68	4972660000	10573.68
1/7/2010	10571.11	10655.6	10471.73	10606.86	5270680000	10606.86
1/8/2010	10606.4	10653.11	10509.74	10618.19	4389590000	10618.19
1/11/2010	10620.31	10739.87	10538.91	10663.99	4255780000	10663.99
1/12/2010	10662.86	10701.48	10523.35	10627.26	4716160000	10627.26
1/13/2010	10628.09	10747.12	10569.07	10680.77	4170360000	10680.77
1/14/2010	10680.16	10767.15	10619.02	10710.55	3915200000	10710.55
1/15/2010	10706.99	10736.54	10529.09	10609.65	4758730000	10609.65
1/19/2010	10608.37	10763.45	10555.47	10725.43	4724830000	10725.43
1/20/2010	10719.69	10719.69	10492.36	10603.15	4810560000	10603.15
1/21/2010	10603.91	10651.14	10334.18	10389.88	6874289600	10389.88
1/22/2010	10389.58	10450.04	10133.15	10172.98	6208650000	10172.98
1/25/2010	10175.1	10316.65	10135.95	10196.86	4481390000	10196.86
1/26/2010	10195.35	10323	10102.17	10194.29	4731910000	10194.29
1/27/2010	10194.29	10294.13	10060.98	10236.16	5319120000	10236.16
1/28/2010	10236.92	10310.68	10023.8	10120.46	5452400000	10120.46
1/29/2010	10122.04	10272.29	10014.35	10067.33	5412850000	10067.33
2/1/2010	10068.99	10227.24	10068.99	10185.53	4077610000	10185.53
2/2/2010	10186.13	10333.35	10138.75	10296.85	4749540000	10296.85
2/3/2010	10291.73	10356.86	10192.03	10270.55	4285450000	10270.55
2/4/2010	10273.12	10273.12	9984.35	10002.18	5859690000	10002.18
2/5/2010	10003.69	10078.89	9822.84	10012.23	6438900000	10012.23
2/8/2010	10005.43	10059.24	9882.85	9908.39	4089820000	9908.39
2/9/2010	9910.28	10154.24	9910.28	10058.64	5114260000	10058.64
2/10/2010	10055.46	10120.15	9946.26	10038.38	4251450000	10038.38
2/11/2010	10037.85	10184.85	9963.19	10144.19	4400870000	10144.19
2/12/2010	10137.23	10140.18	9962.13	10099.14	4160680000	10099.14
2/16/2010	10100.81	10292.62	10100.81	10268.81	4080770000	10268.81
2/17/2010	10261.48	10366.83	10223.16	10309.24	4259230000	10309.24
2/18/2010	10309.39	10416.79	10255.58	10392.9	3878620000	10392.9
2/19/2010	10387.77	10459.18	10316.5	10402.35	3944280000	10402.35
2/22/2010	10402.43	10468.55	10333.05	10383.38	3814440000	10383.38
2/23/2010	10383.16	10430.16	10239.34	10282.41	4521050000	10282.41
2/24/2010	10284	10416.94	10271.61	10374.16	4168360000	10374.16
2/25/2010	10366.6	10366.6	10155.75	10321.03	4521130000	10321.03
2/26/2010	10321.41	10391.24	10250.45	10325.26	3945190000	10325.26
3/1/2010	10326.1	10444.6	10320.05	10403.79	3847640000	10403.79
3/2/2010	10404.16	10493.8	10359.8	10405.98	4134680000	10405.98
3/3/2010	10406.28	10496.22	10359.58	10396.76	3951320000	10396.76
3/4/2010	10396.53	10484.05	10363.88	10444.14	3945010000	10444.14
3/5/2010	10445.13	10587.13	10445.13	10566.2	4133000000	10566.2
3/8/2010	10563.78	10632.48	10500.9	10552.52	3774680000	10552.52
3/9/2010	10552.24	10637.46	10493.49	10564.38	5185570000	10564.38
3/10/2010	10560.13	10639.05	10502.64	10567.33	5469120000	10567.33
3/11/2010	10560.98	10626.73	10489.87	10611.84	4669060000	10611.84
3/12/2010	10611.77	10690.9	10561.66	10624.69	4928160000	10624.69
3/15/2010	10623.41	10680.32	10540.65	10642.15	4164110000	10642.15
3/16/2010	10642.53	10717.42	10594.16	10685.98	4369770000	10685.98
3/17/2010	10686.36	10787.86	10658.1	10733.67	4963200000	10733.67
3/18/2010	10733.44	10821.49	10686.89	10779.17	4234510000	10779.17
3/19/2010	10780	10869.55	10665.35	10741.98	5212410000	10741.98
3/22/2010	10741	10836.68	10672.23	10785.89	4261680000	10785.89
3/23/2010	10787.18	10906.06	10752.41	10888.83	4411640000	10888.83
3/24/2010	10887.62	10925.48	10788.77	10836.15	4705750000	10836.15
3/25/2010	10837.51	10985.26	10818.77	10841.21	5668900000	10841.21
3/26/2010	10841.29	10934.85	10801.84	10850.36	4708420000	10850.36
3/29/2010	10849.23	10954.43	10827.91	10895.86	4375580000	10895.86
3/30/2010	10895.02	10968.56	10837.21	10907.42	4085000000	10907.42
3/31/2010	10907.34	10933.19	10802.22	10856.63	4484340000	10856.63
4/1/2010	10857.31	10983.14	10851.57	10927.07	4006870000	10927.07
4/5/2010	10927.45	11026.75	10880.36	10973.55	3881620000	10973.55
4/6/2010	10972.49	11017.76	10893.89	10969.99	4086180000	10969.99
4/7/2010	10961.95	11000.22	10835.77	10897.52	5101430000	10897.52
4/8/2010	10896.99	10969.92	10810.15	10927.07	4726970000	10927.07
4/9/2010	10926.92	11032.12	10894.19	10997.35	4511570000	10997.35
4/12/2010	10996.75	11066.96	10957.22	11005.97	4607090000	11005.97
4/13/2010	11006.72	11072.7	10925.86	11019.42	5403580000	11019.42
4/14/2010	11020.7	11147.14	11004.61	11123.11	5760040000	11123.11
4/15/2010	11122.96	11189.61	11051.31	11144.57	5995330000	11144.57
4/16/2010	11143.66	11186.82	10947.55	11018.66	8108470400	11018.66
4/19/2010	11018.36	11116.76	10940.6	11092.05	6597740000	11092.05
4/20/2010	11093.11	11190.22	11045.8	11117.06	5316590000	11117.06
4/21/2010	11116.91	11217.35	11018.59	11124.92	5724310000	11124.92
4/22/2010	11119.78	11175.33	10975.66	11134.29	6035780000	11134.29
4/23/2010	11132.18	11247.2	11058.87	11204.28	5326060000	11204.28
4/26/2010	11205.11	11308.95	11150.01	11205.03	5647760000	11205.03
4/27/2010	11203.67	11260.88	10962.81	10991.99	7454540000	10991.99
4/28/2010	10988.87	11115.63	10938.48	11045.27	6342310000	11045.27
4/29/2010	11045.64	11232.54	11045.64	11167.32	6059410000	11167.32
4/30/2010	11168.23	11235.94	10984.35	11008.61	6048260000	11008.61
5/3/2010	11009.6	11203.37	11004.15	11151.83	4938050000	11151.83
5/4/2010	11149.48	11149.48	10843.71	10926.77	6594720000	10926.77
5/5/2010	10918.4	10984.05	10754.3	10868.12	6795940000	10868.12
5/6/2010	10862.22	10925.86	9787.17	10520.32	10617809600	10520.32
5/7/2010	10519.42	10622.27	10221.5	10380.43	9472910400	10380.43
5/10/2010	10386.18	10880.14	10386.18	10785.14	6893700000	10785.14
5/11/2010	10780	10888.3	10653.71	10748.26	5842550000	10748.26
5/12/2010	10742.15	10941.88	10725.81	10896.91	5225460000	10896.91
5/13/2010	10896.61	10952.84	10752.72	10782.95	4870640000	10782.95
5/14/2010	10780.68	10780.68	10509.89	10620.16	6126400000	10620.16
5/17/2010	10616.98	10707.3	10424.72	10625.83	5922920000	10625.83
5/18/2010	10625.45	10760.05	10463.15	10510.95	6170840000	10510.95
5/19/2010	10505.7	10558.56	10306.22	10444.37	6765800000	10444.37
5/20/2010	10440.21	10440.21	10042.46	10068.01	8328569600	10068.01
5/21/2010	10063.93	10225.88	9860.93	10193.39	5452130000	10193.39
5/24/2010	10193.46	10235.63	10028.78	10066.57	5224040000	10066.57
5/25/2010	10061.43	10061.43	9756.11	10043.75	7329580000	10043.75
5/26/2010	10045.11	10211.6	9937.79	9974.45	4521050000	9974.45
5/27/2010	9971.73	10279.01	9971.73	10258.99	5698460000	10258.99
5/28/2010	10258	10293.45	10078.66	10136.63	4871210000	10136.63
6/1/2010	10133.94	10249.27	9976.56	10024.02	5271480000	10024.02
6/2/2010	10025.61	10256.57	10007.09	10249.54	5026360000	10249.54
6/3/2010	10250.67	10348.84	10158.92	10255.28	4995970000	10255.28
6/4/2010	10249.61	10249.61	9881.11	9931.97	6180580000	9931.97
6/7/2010	9931.75	10025.84	9798.73	9816.49	5467560000	9816.49
6/8/2010	9812.94	9971.57	9726.33	9939.98	6192750000	9939.98
6/9/2010	9941.57	10093.33	9859.04	9899.25	5983200000	9899.25
6/10/2010	9901.67	10206.61	9901.67	10172.53	5144780000	10172.53
6/11/2010	10166.78	10235.1	10038.31	10211.07	4059280000	10211.07
6/14/2010	10211.83	10354.97	10175.02	10190.89	4425830000	10190.89
6/15/2010	10192.4	10416.11	10192.4	10404.77	4644490000	10404.77
6/16/2010	10404.24	10456.39	10289.37	10409.46	5002600000	10409.46
6/17/2010	10409.98	10479.74	10293.49	10434.17	4557760000	10434.17
6/18/2010	10435	10513.75	10379.6	10450.64	4555360000	10450.64
6/21/2010	10452.46	10627.19	10387.54	10442.41	4514360000	10442.41
6/22/2010	10441.95	10524.78	10276.14	10293.52	4514380000	10293.52
6/23/2010	10293.3	10393.89	10195.81	10298.44	4526150000	10298.44
6/24/2010	10297.08	10314.31	10112.6	10152.8	4814830000	10152.8
6/25/2010	10153.48	10261.1	10039.97	10143.81	5128840000	10143.81
6/28/2010	10143.05	10246.82	10070.12	10138.52	3896410000	10138.52
6/29/2010	10135.72	10135.72	9786.45	9870.3	6136700000	9870.3
6/30/2010	9868.34	9951.47	9741.07	9774.02	5067080000	9774.02
7/1/2010	9773.27	9834.71	9596.04	9732.53	6435770000	9732.53
7/2/2010	9732.23	9798.19	9603.8	9686.48	3968500000	9686.48
7/6/2010	9689.21	9880.76	9648.26	9743.62	4691240000	9743.62
7/7/2010	9736.85	10029.93	9716.38	10018.28	4931220000	10018.28
7/8/2010	10019.26	10175.02	9987.02	10138.99	4548460000	10138.99
7/9/2010	10137.93	10226.48	10079.05	10198.03	3506570000	10198.03
7/12/2010	10199.24	10260.62	10121.13	10216.27	3426990000	10216.27
7/13/2010	10217.55	10436.2	10217.55	10363.02	4640460000	10363.02
7/14/2010	10370.96	10423.03	10265.16	10366.72	4521050000	10366.72
7/15/2010	10367.1	10409.49	10216.04	10359.31	4552470000	10359.31
7/16/2010	10356.2	10356.2	10071.63	10097.9	5297350000	10097.9
7/19/2010	10098.12	10213.09	10051.28	10154.43	4089500000	10154.43
7/20/2010	10151.48	10248.2	9973.17	10229.96	4713280000	10229.96
7/21/2010	10226.02	10310.04	10053.85	10120.53	4747180000	10120.53
7/22/2010	10121.81	10391.78	10121.81	10322.3	4826900000	10322.3
7/23/2010	10321.16	10465.19	10237.84	10424.62	4524570000	10424.62
7/26/2010	10424.17	10545.94	10391.02	10525.43	4009650000	10525.43
7/27/2010	10525.28	10632.52	10460.65	10537.69	4725690000	10537.69
7/28/2010	10537.01	10586.36	10445.17	10497.88	4002390000	10497.88
7/29/2010	10498.94	10609.74	10383.45	10467.16	4612420000	10467.16
7/30/2010	10465.19	10528.84	10327.37	10465.94	4006450000	10465.94
8/2/2010	10468.82	10715.21	10468.82	10674.38	4144180000	10674.38
8/3/2010	10673.92	10714.19	10564.18	10636.38	4071820000	10636.38
8/4/2010	10630.2	10738.48	10583.1	10680.43	4057850000	10680.43
8/5/2010	10679.67	10712.37	10571.6	10674.98	3685560000	10674.98
8/6/2010	10668.55	10688.08	10491.37	10653.56	3857890000	10653.56
8/9/2010	10654.62	10755.66	10618.26	10698.75	3191630000	10698.75
8/10/2010	10696.63	10717.21	10522.63	10644.25	3979360000	10644.25
8/11/2010	10631.82	10631.82	10339.63	10378.83	4511860000	10378.83
8/12/2010	10361.58	10388.37	10222.85	10319.95	4521050000	10319.95
8/13/2010	10320.33	10381.86	10254.18	10303.15	3328890000	10303.15
8/16/2010	10303.07	10354.39	10193.26	10302.01	3142450000	10302.01
8/17/2010	10297.55	10501.67	10297.55	10405.85	3968210000	10405.85
8/18/2010	10398.59	10486.38	10308.83	10415.54	3724260000	10415.54
8/19/2010	10411.15	10412.29	10202.34	10271.21	4290540000	10271.21
8/20/2010	10270.98	10276.13	10131.88	10213.62	3761570000	10213.62
8/23/2010	10215.51	10328.88	10146.18	10174.41	3210950000	10174.41
8/24/2010	10170.86	10170.86	9975.86	10040.45	4436330000	10040.45
8/25/2010	10040.15	10104.18	9925.34	10060.06	4360190000	10060.06
8/26/2010	10059.83	10138.12	9959.17	9985.81	3646710000	9985.81
8/27/2010	9982.4	10176.3	9925.11	10150.65	4102460000	10150.65
8/30/2010	10145.58	10170.1	10005.56	10009.73	2917990000	10009.73
8/31/2010	10006.42	10101.53	9915.73	10014.72	4038770000	10014.72
9/1/2010	10016.01	10305.87	10016.01	10269.47	4396880000	10269.47
9/2/2010	10270.08	10350.98	10211.8	10320.1	3704210000	10320.1
9/3/2010	10321.92	10484.71	10321.92	10447.93	3534500000	10447.93
9/7/2010	10446.8	10448.99	10304.44	10340.69	3107380000	10340.69
9/8/2010	10338.57	10460.5	10318.93	10387.01	3224640000	10387.01
9/9/2010	10388.22	10515.86	10359.23	10415.24	3387770000	10415.24
9/10/2010	10415.01	10502.8	10376.34	10462.77	3061160000	10462.77
9/13/2010	10458.6	10605.73	10458.45	10544.13	4521050000	10544.13
9/14/2010	10544.81	10622.69	10460.34	10526.49	4521050000	10526.49
9/15/2010	10526.42	10609.21	10453.15	10572.73	3369840000	10572.73
9/16/2010	10571.75	10624.58	10499.43	10594.83	3364080000	10594.83
9/17/2010	10595.44	10689.29	10529.67	10607.85	4086140000	10607.85
9/20/2010	10608.08	10783.51	10594.38	10753.62	3364080000	10753.62
9/21/2010	10753.39	10844.89	10674.83	10761.03	4175660000	10761.03
9/22/2010	10761.11	10829.75	10682.4	10739.31	3911070000	10739.31
9/23/2010	10738.48	10779.65	10610.12	10662.42	3847850000	10662.42
9/24/2010	10664.39	10897.83	10664.39	10860.26	4123950000	10860.26
9/27/2010	10860.03	10902.52	10776.44	10812.04	3587860000	10812.04
9/28/2010	10809.85	10905.44	10714.03	10858.14	4025840000	10858.14
9/29/2010	10857.98	10901.96	10759.75	10835.28	3990280000	10835.28
9/30/2010	10835.96	10960.99	10732.27	10788.05	4284160000	10788.05
10/1/2010	10789.72	10907.41	10759.14	10829.68	4298910000	10829.68
10/4/2010	10828.85	10875.54	10682.66	10751.27	3604110000	10751.27
10/5/2010	10752.63	10982.98	10752.63	10944.72	4068840000	10944.72
10/6/2010	10936.79	11015.86	10880.08	10967.65	4073160000	10967.65
10/7/2010	10968.41	11032.17	10878.04	10948.58	3910550000	10948.58
10/8/2010	10948.5	11055.29	10901.12	11006.48	3871420000	11006.48
10/11/2010	11006.93	11068.54	10956.26	11010.34	3118110000	11010.34
10/12/2010	11010.79	11064.68	10890.76	11020.4	4076170000	11020.4
10/13/2010	11022.82	11187.77	11014.19	11096.08	4969410000	11096.08
10/14/2010	11096.92	11148.15	10996.71	11096.92	4969410000	11096.92
10/15/2010	11096.01	11172.07	10985.28	11062.78	5724910000	11062.78
10/18/2010	11062.71	11184.86	11021.46	11143.69	4450050000	11143.69
10/19/2010	11139.6	11139.6	10897.57	10978.62	5600120000	10978.62
10/20/2010	10974.52	11176.08	10969.47	11107.97	5027880000	11107.97
10/21/2010	11105.24	11249.57	11038.79	11146.57	4625470000	11146.57
10/22/2010	11146.41	11192.09	11071.22	11132.56	3177890000	11132.56
10/25/2010	11133.4	11266.3	11127.27	11164.05	4221380000	11164.05
10/26/2010	11163.06	11221.04	11055.48	11169.46	4203680000	11169.46